"","A","R","N","D","C","E","Q","G","H","I","L","K","M","F","P","S","T","W","Y","V"
"seq1",0,0.136363636363636,0.00790513833992095,0.0118577075098814,0.0731225296442688,0.0731225296442688,0.0573122529644269,0.106719367588933,0.0790513833992095,0.00592885375494071,0.0671936758893281,0.0494071146245059,0,0.0355731225296443,0.033596837944664,0.0711462450592885,0.0810276679841897,0.0138339920948617,0.0375494071146245,0.0592885375494071
"seq2",0.0769230769230769,0.0412757973733583,0.0300187617260788,0.0318949343339587,0.0150093808630394,0.0375234521575985,0.0487804878048781,0.0637898686679174,0.0206378986866792,0.0300187617260788,0.0562851782363977,0.0356472795497186,0.0225140712945591,0.0487804878048781,0.129455909943715,0.168855534709193,0.0863039399624766,0.00187617260787992,0.0281425891181989,0.026266416510319
"seq3",0.11614730878187,0.0538243626062323,0.0141643059490085,0.028328611898017,0.0141643059490085,0.0708215297450425,0.0368271954674221,0.161473087818697,0.0906515580736544,0.0113314447592068,0.0764872521246459,0.0453257790368272,0.0169971671388102,0.0339943342776204,0.0764872521246459,0.0764872521246459,0.0198300283286119,0.0028328611898017,0.0198300283286119,0.0339943342776204
"seq4",0.0767326732673267,0.0569306930693069,0.0247524752475248,0.0173267326732673,0.0148514851485149,0.0891089108910891,0.047029702970297,0.121287128712871,0.0148514851485149,0.0396039603960396,0.0915841584158416,0.0371287128712871,0.0099009900990099,0.0123762376237624,0.103960396039604,0.0693069306930693,0.0569306930693069,0.0222772277227723,0.0099009900990099,0.0841584158415842
"seq5",0.128099173553719,0.0640495867768595,0.0289256198347107,0.0557851239669422,0.00826446280991736,0.0454545454545455,0.0888429752066116,0.0619834710743802,0.0227272727272727,0.0516528925619835,0.109504132231405,0.0289256198347107,0.0144628099173554,0.0371900826446281,0.0723140495867769,0.0516528925619835,0.0351239669421488,0.0371900826446281,0.0289256198347107,0.0289256198347107
"seq6",0.0498812351543943,0.0950118764845606,0.0427553444180523,0.0237529691211401,0.0475059382422803,0.0617577197149644,0.0522565320665083,0.0570071258907363,0.0332541567695962,0.0213776722090261,0.0617577197149644,0.0807600950118765,0.0142517814726841,0.0498812351543943,0.0593824228028504,0.102137767220903,0.0617577197149644,0.00712589073634204,0.0237529691211401,0.0546318289786223
"seq7",0.0646616541353384,0.0571428571428571,0.0390977443609023,0.0451127819548872,0.0165413533834586,0.081203007518797,0.0466165413533835,0.0646616541353384,0.0270676691729323,0.0315789473684211,0.0646616541353384,0.0496240601503759,0.0255639097744361,0.0451127819548872,0.0766917293233083,0.112781954887218,0.0511278195488722,0.0180451127819549,0.0120300751879699,0.0706766917293233
"seq8",0.0562659846547315,0.0639386189258312,0.0332480818414322,0.0664961636828645,0.0153452685421995,0.0818414322250639,0.040920716112532,0.0741687979539642,0.020460358056266,0.0230179028132992,0.0920716112531969,0.0664961636828645,0.020460358056266,0.0383631713554987,0.0562659846547315,0.104859335038363,0.051150895140665,0.0230179028132992,0.0358056265984655,0.0358056265984655
"seq9",0.133047210300429,0.0708154506437768,0.0107296137339056,0.0965665236051502,0.00214592274678112,0.107296137339056,0.0472103004291846,0.0536480686695279,0.00643776824034335,0.0429184549356223,0.0944206008583691,0.0729613733905579,0.0150214592274678,0.0150214592274678,0.0386266094420601,0.0429184549356223,0.0622317596566524,0.00858369098712446,0.01931330472103,0.0600858369098712
"seq10",0.0416666666666667,0.0416666666666667,0.0555555555555556,0.0555555555555556,0,0.152777777777778,0,0.0694444444444444,0.0138888888888889,0.0694444444444444,0.111111111111111,0.125,0.0277777777777778,0.0277777777777778,0.0277777777777778,0.0555555555555556,0.0277777777777778,0.0416666666666667,0.0138888888888889,0.0416666666666667
"seq11",0.0527156549520767,0.0559105431309904,0.036741214057508,0.073482428115016,0.0223642172523962,0.0511182108626198,0.0287539936102236,0.0782747603833866,0.0271565495207668,0.0575079872204473,0.0798722044728434,0.060702875399361,0.0303514376996805,0.0335463258785942,0.0686900958466454,0.10702875399361,0.0591054313099042,0.00638977635782748,0.023961661341853,0.0463258785942492
"seq12",0.107186358099878,0.074299634591961,0.0450669914738124,0.0694275274056029,0.0207064555420219,0.0462850182704019,0.0499390986601705,0.0401948842874543,0.0304506699147381,0.0353227771010962,0.10231425091352,0.0292326431181486,0.0194884287454324,0.0304506699147381,0.0621193666260658,0.095006090133983,0.0535931790499391,0.023142509135201,0.0219244823386114,0.0438489646772229
"seq13",0.0897435897435897,0.102564102564103,0.0128205128205128,0.0641025641025641,0.032051282051282,0.0833333333333333,0.032051282051282,0.0641025641025641,0.0448717948717949,0.0576923076923077,0.102564102564103,0.0448717948717949,0.0128205128205128,0.0384615384615385,0.0192307692307692,0.032051282051282,0.0641025641025641,0.032051282051282,0.0128205128205128,0.0576923076923077
"seq14",0.0859504132231405,0.102479338842975,0.00991735537190083,0.0528925619834711,0.0644628099173554,0.0578512396694215,0.0545454545454545,0.0809917355371901,0.0132231404958678,0.0148760330578512,0.0677685950413223,0.0677685950413223,0.00826446280991736,0.0264462809917355,0.105785123966942,0.059504132231405,0.0528925619834711,0.0132231404958678,0.0132231404958678,0.0479338842975207
"seq15",0.153061224489796,0.0357142857142857,0.0153061224489796,0.0204081632653061,0,0.0306122448979592,0.0255102040816327,0.0408163265306122,0.0102040816326531,0.0306122448979592,0.0306122448979592,0.295918367346939,0.0102040816326531,0.00510204081632653,0.0816326530612245,0.107142857142857,0.0306122448979592,0,0.0153061224489796,0.0612244897959184
"seq16",0.0660749506903353,0.0325443786982249,0.0355029585798817,0.0611439842209073,0.0138067061143984,0.0739644970414201,0.0335305719921105,0.0700197238658777,0.0187376725838264,0.0473372781065089,0.0887573964497041,0.124260355029586,0.02465483234714,0.029585798816568,0.0433925049309665,0.0838264299802761,0.0414201183431953,0.0128205128205128,0.0315581854043393,0.0670611439842209
"seq17",0.0761904761904762,0.0666666666666667,0.0380952380952381,0.0476190476190476,0.00952380952380952,0.133333333333333,0.0285714285714286,0.0380952380952381,0.0285714285714286,0.0666666666666667,0.0857142857142857,0.0761904761904762,0.0285714285714286,0.019047619047619,0.0571428571428571,0.0571428571428571,0.0571428571428571,0.019047619047619,0.0285714285714286,0.0380952380952381
"seq18",0.0746965452847806,0.0513538748832866,0.0354808590102708,0.0569561157796452,0.0112044817927171,0.0756302521008403,0.0252100840336134,0.0774976657329599,0.0186741363211951,0.0588235294117647,0.0812324929971989,0.0662931839402428,0.0214752567693744,0.03828197945845,0.0420168067226891,0.0812324929971989,0.0597572362278245,0.00933706816059757,0.0401493930905696,0.0746965452847806
"seq19",0.096969696969697,0.0848484848484849,0.0303030303030303,0.0545454545454545,0.00606060606060606,0.0848484848484849,0.0181818181818182,0.139393939393939,0,0.0242424242424242,0.0424242424242424,0.0363636363636364,0.0121212121212121,0.0484848484848485,0.0545454545454545,0.096969696969697,0.0727272727272727,0.0181818181818182,0.00606060606060606,0.0727272727272727
"seq20",0.140625,0.0703125,0.0078125,0.03125,0,0.0390625,0.0390625,0.1171875,0.046875,0.0703125,0.09375,0.109375,0.0078125,0.0078125,0.0234375,0.0625,0.0625,0,0.015625,0.0546875
"seq21",0.125,0.0703125,0.0078125,0.03125,0,0.0390625,0.0390625,0.1171875,0.046875,0.0703125,0.09375,0.109375,0.0078125,0.0078125,0.0234375,0.0703125,0.0625,0,0.015625,0.0625
"seq22",0.086734693877551,0.107142857142857,0.0561224489795918,0.0306122448979592,0,0.112244897959184,0.0408163265306122,0.0459183673469388,0.0102040816326531,0.0714285714285714,0.137755102040816,0.0510204081632653,0.0306122448979592,0.0561224489795918,0.0204081632653061,0.0612244897959184,0.0306122448979592,0.00510204081632653,0.0153061224489796,0.0306122448979592
"seq23",0.0545977011494253,0.0416666666666667,0.0603448275862069,0.0502873563218391,0.0129310344827586,0.0488505747126437,0.0847701149425287,0.0818965517241379,0.0186781609195402,0.0445402298850575,0.0761494252873563,0.0387931034482759,0.0201149425287356,0.0402298850574713,0.0919540229885057,0.0761494252873563,0.0732758620689655,0.0028735632183908,0.021551724137931,0.0603448275862069
"seq24",0.0402684563758389,0.0469798657718121,0.0369127516778524,0.0704697986577181,0.00671140939597315,0.0704697986577181,0.0302013422818792,0.063758389261745,0.0201342281879195,0.0805369127516778,0.063758389261745,0.0973154362416107,0.0402684563758389,0.0570469798657718,0.0402684563758389,0.0570469798657718,0.0704697986577181,0.00671140939597315,0.0402684563758389,0.0604026845637584
"seq25",0.0410958904109589,0.0528375733855186,0.0567514677103718,0.0821917808219178,0.0136986301369863,0.0880626223091976,0.0391389432485323,0.0567514677103718,0.025440313111546,0.0528375733855186,0.0743639921722113,0.0841487279843444,0.0313111545988258,0.0352250489236791,0.0332681017612524,0.0841487279843444,0.0626223091976517,0.0156555772994129,0.025440313111546,0.0450097847358121
"seq26",0.078740157480315,0.0551181102362205,0.062992125984252,0.0393700787401575,0.0078740157480315,0.133858267716535,0.031496062992126,0.031496062992126,0.015748031496063,0.0551181102362205,0.078740157480315,0.0866141732283465,0.0393700787401575,0.047244094488189,0.015748031496063,0.102362204724409,0.0236220472440945,0,0.0236220472440945,0.0708661417322835
"seq27",0.0612244897959184,0.054421768707483,0.0476190476190476,0.0816326530612245,0.0272108843537415,0.0204081632653061,0.0340136054421769,0.0408163265306122,0.0204081632653061,0.0816326530612245,0.0816326530612245,0.054421768707483,0.0272108843537415,0.0408163265306122,0.102040816326531,0.0748299319727891,0.054421768707483,0.0204081632653061,0.0408163265306122,0.0340136054421769
"seq28",0.121495327102804,0.102803738317757,0.0280373831775701,0.00934579439252336,0,0.102803738317757,0.0467289719626168,0.0934579439252336,0.0186915887850467,0.0467289719626168,0.102803738317757,0.0747663551401869,0.0280373831775701,0.00934579439252336,0.0373831775700935,0.0934579439252336,0.0186915887850467,0,0,0.0654205607476635
"seq29",0.0942148760330579,0.0495867768595041,0.0528925619834711,0.0512396694214876,0.0231404958677686,0.0776859504132231,0.0446280991735537,0.0528925619834711,0.0247933884297521,0.0330578512396694,0.107438016528926,0.0661157024793388,0.0148760330578512,0.056198347107438,0.0247933884297521,0.0809917355371901,0.0545454545454545,0.0181818181818182,0.0247933884297521,0.0479338842975207
"seq30",0.111111111111111,0.0432098765432099,0.037037037037037,0.0679012345679012,0,0.0864197530864197,0.0308641975308642,0.111111111111111,0.00617283950617284,0.0555555555555556,0.0185185185185185,0.135802469135802,0.0246913580246914,0.0246913580246914,0.0555555555555556,0.0864197530864197,0.0432098765432099,0.00617283950617284,0.0185185185185185,0.037037037037037
"seq31",0.0831062670299728,0.0435967302452316,0.0626702997275204,0.05858310626703,0.00817438692098093,0.0326975476839237,0.0544959128065395,0.0817438692098093,0.0272479564032698,0.0395095367847411,0.061307901907357,0.0476839237057221,0.0177111716621253,0.0408719346049046,0.0762942779291553,0.061307901907357,0.0940054495912807,0.0217983651226158,0.0395095367847411,0.0476839237057221
"seq32",0.0742778541953232,0.0440165061898212,0.0770288858321871,0.0550206327372765,0.00550206327372765,0.0371389270976616,0.0440165061898212,0.0880330123796424,0.0206327372764787,0.0426409903713893,0.0577716643741403,0.0508940852819807,0.0192572214580468,0.0453920220082531,0.0839064649243466,0.0522696011004127,0.0852819807427785,0.0206327372764787,0.0398899587345254,0.0563961485557084
"seq33",0.0608228980322004,0.0840787119856887,0.0125223613595707,0.0429338103756708,0.0411449016100179,0.0500894454382826,0.0339892665474061,0.101967799642218,0.0268336314847943,0.0161001788908766,0.105545617173524,0.0429338103756708,0.00894454382826476,0.0322003577817531,0.0966010733452594,0.105545617173524,0.035778175313059,0.0214669051878354,0.0250447227191413,0.0554561717352415
"seq34",0.111111111111111,0.0694444444444444,0.0833333333333333,0.0138888888888889,0,0.0694444444444444,0.111111111111111,0.0972222222222222,0.0138888888888889,0.0555555555555556,0.0833333333333333,0.0277777777777778,0.0416666666666667,0.0277777777777778,0.0138888888888889,0.0972222222222222,0.0416666666666667,0,0,0.0416666666666667
"seq35",0.0712788259958071,0.0377358490566038,0.0377358490566038,0.0733752620545073,0.0125786163522013,0.0356394129979036,0.0566037735849057,0.090146750524109,0.0628930817610063,0.0335429769392034,0.0712788259958071,0.0356394129979036,0.050314465408805,0.0251572327044025,0.10272536687631,0.0880503144654088,0.0377358490566038,0.00628930817610063,0.0230607966457023,0.0482180293501048
"seq36",0.0694444444444444,0.0416666666666667,0.0694444444444444,0.0833333333333333,0.0138888888888889,0.0972222222222222,0.0416666666666667,0.0138888888888889,0.0277777777777778,0.0694444444444444,0.138888888888889,0.0833333333333333,0.0416666666666667,0.0138888888888889,0.0416666666666667,0.0555555555555556,0.0138888888888889,0,0.0138888888888889,0.0694444444444444
"seq37",0.0886075949367089,0.10126582278481,0.0253164556962025,0.0886075949367089,0,0.0632911392405063,0.0126582278481013,0.0759493670886076,0,0.0506329113924051,0.113924050632911,0.0253164556962025,0.0253164556962025,0.0379746835443038,0.0759493670886076,0.0759493670886076,0.0632911392405063,0,0.0126582278481013,0.0632911392405063
"seq38",0.0645161290322581,0.0564516129032258,0.0383064516129032,0.0645161290322581,0.00806451612903226,0.0342741935483871,0.0564516129032258,0.0604838709677419,0.030241935483871,0.0544354838709677,0.0745967741935484,0.0967741935483871,0.0161290322580645,0.0282258064516129,0.0403225806451613,0.0967741935483871,0.0806451612903226,0.0221774193548387,0.0282258064516129,0.0483870967741935
"seq39",0.130232558139535,0.12093023255814,0,0.0465116279069767,0.00930232558139535,0.0604651162790698,0.0325581395348837,0.0744186046511628,0.027906976744186,0.0418604651162791,0.111627906976744,0.013953488372093,0.0232558139534884,0.0232558139534884,0.0418604651162791,0.0465116279069767,0.0790697674418605,0.00930232558139535,0.0232558139534884,0.0837209302325581
"seq40",0.0480349344978166,0.0960698689956332,0.0218340611353712,0.0567685589519651,0.00436681222707424,0.104803493449782,0.0305676855895196,0.0655021834061135,0.0305676855895196,0.0480349344978166,0.0873362445414847,0.0305676855895196,0.0524017467248908,0.0393013100436681,0.0611353711790393,0.0393013100436681,0.0524017467248908,0.0131004366812227,0.0218340611353712,0.0960698689956332
"seq41",0.0660377358490566,0.0471698113207547,0.0487421383647799,0.0471698113207547,0.0157232704402516,0.080188679245283,0.0550314465408805,0.0471698113207547,0.0408805031446541,0.0455974842767296,0.080188679245283,0.0691823899371069,0.0157232704402516,0.020440251572327,0.080188679245283,0.089622641509434,0.0581761006289308,0.0188679245283019,0.0220125786163522,0.0518867924528302
"seq42",0.117647058823529,0.125,0.00735294117647059,0.0294117647058824,0,0.0514705882352941,0.0588235294117647,0.0514705882352941,0.0147058823529412,0.0514705882352941,0.0955882352941176,0.117647058823529,0.00735294117647059,0.0367647058823529,0.0367647058823529,0.0735294117647059,0.0661764705882353,0,0.0147058823529412,0.0441176470588235
"seq43",0.132352941176471,0.132352941176471,0.00735294117647059,0.0294117647058824,0.0147058823529412,0.0514705882352941,0.0588235294117647,0.0514705882352941,0.0147058823529412,0.0514705882352941,0.0882352941176471,0.0955882352941176,0.0220588235294118,0.0294117647058824,0.0441176470588235,0.0367647058823529,0.0735294117647059,0,0.0220588235294118,0.0441176470588235
"seq44",0.132352941176471,0.132352941176471,0.00735294117647059,0.0294117647058824,0.00735294117647059,0.0514705882352941,0.0588235294117647,0.0514705882352941,0.0147058823529412,0.0514705882352941,0.0882352941176471,0.0955882352941176,0.0220588235294118,0.0294117647058824,0.0441176470588235,0.0441176470588235,0.0735294117647059,0,0.0220588235294118,0.0441176470588235
"seq45",0.132352941176471,0.132352941176471,0.00735294117647059,0.0294117647058824,0.00735294117647059,0.0514705882352941,0.0588235294117647,0.0588235294117647,0.0147058823529412,0.0588235294117647,0.0882352941176471,0.0955882352941176,0.0147058823529412,0.0294117647058824,0.0441176470588235,0.0441176470588235,0.0735294117647059,0,0.0220588235294118,0.0367647058823529
"seq46",0.125925925925926,0.133333333333333,0.0148148148148148,0.0296296296296296,0.0148148148148148,0.0518518518518519,0.0592592592592593,0.0518518518518519,0.0148148148148148,0.0518518518518519,0.0962962962962963,0.0814814814814815,0.0148148148148148,0.0222222222222222,0.0444444444444444,0.0444444444444444,0.0814814814814815,0,0.0222222222222222,0.0444444444444444
"seq47",0.132352941176471,0.132352941176471,0.00735294117647059,0.0294117647058824,0.0147058823529412,0.0514705882352941,0.0588235294117647,0.0441176470588235,0.0147058823529412,0.0514705882352941,0.0882352941176471,0.102941176470588,0.0220588235294118,0.0294117647058824,0.0441176470588235,0.0294117647058824,0.0735294117647059,0,0.0220588235294118,0.0514705882352941
"seq48",0.0906148867313916,0.0776699029126214,0.0485436893203883,0.0453074433656958,0.00647249190938511,0.0614886731391586,0.0711974110032362,0.0258899676375405,0.0550161812297735,0.0517799352750809,0.12621359223301,0.0614886731391586,0.00647249190938511,0.0258899676375405,0.0550161812297735,0.0355987055016181,0.0388349514563107,0.0161812297734628,0.0258899676375405,0.0744336569579288
"seq49",0.0603864734299517,0.0338164251207729,0.0193236714975845,0.0748792270531401,0.0193236714975845,0.0845410628019324,0.036231884057971,0.130434782608696,0.072463768115942,0.0483091787439614,0.0483091787439614,0.0772946859903382,0.0193236714975845,0.0265700483091787,0.0555555555555556,0.0555555555555556,0.0579710144927536,0.00483091787439614,0.0144927536231884,0.0603864734299517
"seq50",0.0837837837837838,0.0567567567567568,0.0459459459459459,0.0594594594594595,0.0324324324324324,0.0702702702702703,0.0351351351351351,0.0675675675675676,0.0162162162162162,0.0432432432432432,0.1,0.0486486486486487,0.0162162162162162,0.0432432432432432,0.0621621621621622,0.0675675675675676,0.0594594594594595,0.0162162162162162,0.0243243243243243,0.0513513513513514
"seq51",0.0454545454545455,0.051948051948052,0.0324675324675325,0.0432900432900433,0.038961038961039,0.0584415584415584,0.0432900432900433,0.0714285714285714,0.0173160173160173,0.0476190476190476,0.0995670995670996,0.0584415584415584,0.0303030303030303,0.0346320346320346,0.0952380952380952,0.0952380952380952,0.0670995670995671,0.00216450216450216,0.025974025974026,0.0411255411255411
"seq52",0.0769230769230769,0.0384615384615385,0.0256410256410256,0.0641025641025641,0.0128205128205128,0.0512820512820513,0.0512820512820513,0.0769230769230769,0,0.0769230769230769,0.115384615384615,0.0769230769230769,0.0256410256410256,0.0128205128205128,0.0128205128205128,0.0769230769230769,0.0897435897435897,0.0128205128205128,0.0256410256410256,0.0769230769230769
"seq53",0.125,0.0454545454545455,0.0511363636363636,0.0511363636363636,0.0227272727272727,0.113636363636364,0.102272727272727,0.0284090909090909,0.0113636363636364,0.0625,0.0909090909090909,0.0568181818181818,0.0170454545454545,0.0170454545454545,0.0227272727272727,0.0965909090909091,0.0284090909090909,0.00568181818181818,0.00568181818181818,0.0454545454545455
"seq54",0.0755007704160247,0.036979969183359,0.049306625577812,0.049306625577812,0.0277349768875193,0.073959938366718,0.0539291217257319,0.0477657935285054,0.0231124807395994,0.0631741140215717,0.0832049306625578,0.0924499229583975,0.0338983050847458,0.036979969183359,0.0261941448382126,0.0755007704160247,0.049306625577812,0.0107858243451464,0.0323574730354391,0.0585516178736518
"seq55",0.128205128205128,0.102564102564103,0.0641025641025641,0.0384615384615385,0,0.0897435897435897,0.0384615384615385,0.0769230769230769,0.0128205128205128,0.0897435897435897,0.0897435897435897,0.0256410256410256,0.0256410256410256,0.0128205128205128,0,0.0769230769230769,0.0512820512820513,0,0,0.0769230769230769
"seq56",0.125223613595707,0.0339892665474061,0.0232558139534884,0.0411449016100179,0.00536672629695885,0.075134168157424,0.0697674418604651,0.0769230769230769,0.0125223613595707,0.0554561717352415,0.0769230769230769,0.0572450805008945,0.035778175313059,0.0286225402504472,0.0679785330948122,0.0626118067978533,0.0518783542039356,0.00536672629695885,0.0196779964221825,0.075134168157424
"seq57",0.0573770491803279,0.040983606557377,0.0573770491803279,0.0524590163934426,0.0213114754098361,0.0721311475409836,0.0508196721311475,0.0491803278688525,0.0180327868852459,0.0491803278688525,0.0688524590163934,0.0754098360655738,0.0147540983606557,0.0475409836065574,0.0475409836065574,0.0770491803278689,0.0557377049180328,0.0278688524590164,0.0311475409836066,0.0852459016393443
"seq58",0.108504398826979,0.0733137829912024,0.0410557184750733,0.0439882697947214,0.0117302052785924,0.0821114369501466,0.0293255131964809,0.0674486803519062,0.0234604105571848,0.06158357771261,0.0733137829912024,0.0439882697947214,0.0469208211143695,0.032258064516129,0.0469208211143695,0.0498533724340176,0.0469208211143695,0.0117302052785924,0.0351906158357771,0.0703812316715543
"seq59",0.0513728963684677,0.054030115146147,0.054030115146147,0.0726306465899026,0.00797165633303809,0.095659875996457,0.0407440212577502,0.0451727192205492,0.0194862710363153,0.0558015943312666,0.109831709477414,0.105403011514615,0.0177147918511957,0.04162976085031,0.0363153232949513,0.0611160318866253,0.0434012400354296,0.0115146147032772,0.0345438441098317,0.04162976085031
"seq60",0.037593984962406,0.0451127819548872,0.0902255639097744,0.0075187969924812,0.0676691729323308,0.0150375939849624,0.0451127819548872,0.0526315789473684,0.0225563909774436,0.112781954887218,0.075187969924812,0.037593984962406,0.0225563909774436,0.037593984962406,0.0451127819548872,0.075187969924812,0.112781954887218,0.0075187969924812,0.0300751879699248,0.0601503759398496
"seq61",0.095959595959596,0.0606060606060606,0.0555555555555556,0.0404040404040404,0.0151515151515152,0.0404040404040404,0.0303030303030303,0.0404040404040404,0.0202020202020202,0.106060606060606,0.0757575757575758,0.0808080808080808,0.0252525252525253,0.0454545454545455,0.0454545454545455,0.0707070707070707,0.0404040404040404,0,0.0454545454545455,0.0656565656565657
"seq62",0.0317460317460317,0.0634920634920635,0.111111111111111,0.0238095238095238,0.0158730158730159,0.0873015873015873,0.0396825396825397,0.0238095238095238,0.0317460317460317,0.0952380952380952,0.0793650793650794,0.111111111111111,0.0317460317460317,0.0396825396825397,0.0238095238095238,0.0793650793650794,0.0476190476190476,0.00793650793650794,0.0158730158730159,0.0396825396825397
"seq63",0.0953488372093023,0.0511627906976744,0.0534883720930233,0.0395348837209302,0.0116279069767442,0.0674418604651163,0.0697674418604651,0.086046511627907,0.0325581395348837,0.0488372093023256,0.0627906976744186,0.0488372093023256,0.0325581395348837,0.0232558139534884,0.0372093023255814,0.111627906976744,0.0534883720930233,0.00465116279069767,0.0255813953488372,0.0441860465116279
"seq64",0.0410958904109589,0.0445205479452055,0.0582191780821918,0.0684931506849315,0.0205479452054795,0.0993150684931507,0.0273972602739726,0.0547945205479452,0.0102739726027397,0.0821917808219178,0.0719178082191781,0.106164383561644,0.0273972602739726,0.0719178082191781,0.023972602739726,0.0479452054794521,0.0171232876712329,0.0102739726027397,0.0547945205479452,0.0616438356164384
"seq65",0.0588235294117647,0.0549019607843137,0.0215686274509804,0.0568627450980392,0.0215686274509804,0.0745098039215686,0.0686274509803922,0.0607843137254902,0.0333333333333333,0.0156862745098039,0.0745098039215686,0.0411764705882353,0.0294117647058824,0.0490196078431373,0.13921568627451,0.0705882352941176,0.0294117647058824,0.00784313725490196,0.0490196078431373,0.0431372549019608
"seq66",0.0461215932914046,0.0607966457023061,0.039832285115304,0.0566037735849057,0.0230607966457023,0.0775681341719078,0.0628930817610063,0.0482180293501048,0.0335429769392034,0.0272536687631027,0.0566037735849057,0.0461215932914046,0.039832285115304,0.0524109014675052,0.113207547169811,0.0817610062893082,0.0314465408805031,0.00838574423480084,0.0524109014675052,0.0419287211740042
"seq67",0.0694626474442988,0.0458715596330275,0.055045871559633,0.0419397116644823,0.00786369593709043,0.0760157273918742,0.0982961992136304,0.0406290956749672,0.0288335517693316,0.0380078636959371,0.100917431192661,0.0576671035386632,0.0262123197903014,0.0196592398427261,0.0760157273918742,0.0786369593709043,0.0458715596330275,0.00917431192660551,0.0249017038007864,0.0589777195281782
"seq68",0.06,0.05,0.042,0.048,0.026,0.066,0.046,0.07,0.02,0.042,0.072,0.062,0.028,0.038,0.064,0.086,0.066,0.012,0.034,0.068
"seq69",0.0679442508710801,0.0426829268292683,0.0374564459930314,0.063588850174216,0.0078397212543554,0.0792682926829268,0.0365853658536585,0.0531358885017422,0.0182926829268293,0.0479094076655052,0.0731707317073171,0.138501742160279,0.024390243902439,0.0235191637630662,0.0426829268292683,0.114982578397213,0.0496515679442509,0.00696864111498258,0.0261324041811847,0.0452961672473868
"seq70",0.0536723163841808,0.038135593220339,0.0480225988700565,0.0677966101694915,0.0211864406779661,0.0805084745762712,0.0409604519774011,0.0508474576271186,0.0268361581920904,0.0423728813559322,0.100282485875706,0.0889830508474576,0.0324858757062147,0.0508474576271186,0.0451977401129944,0.0663841807909605,0.0437853107344633,0.0169491525423729,0.0367231638418079,0.0480225988700565
"seq71",0.0664961636828645,0.0664961636828645,0.030690537084399,0.0485933503836317,0.00767263427109974,0.0383631713554987,0.0485933503836317,0.0895140664961637,0.0230179028132992,0.0485933503836317,0.0562659846547315,0.0358056265984655,0.0153452685421995,0.020460358056266,0.0997442455242967,0.115089514066496,0.0664961636828645,0.0051150895140665,0.0434782608695652,0.0741687979539642
"seq72",0.0524590163934426,0.0360655737704918,0.0557377049180328,0.0754098360655738,0.00983606557377049,0.0655737704918033,0.0131147540983607,0.039344262295082,0.019672131147541,0.0852459016393443,0.0754098360655738,0.118032786885246,0.0295081967213115,0.039344262295082,0.0262295081967213,0.0786885245901639,0.0360655737704918,0.019672131147541,0.0622950819672131,0.0622950819672131
"seq73",0.0623818525519849,0.0359168241965974,0.0283553875236295,0.0680529300567108,0.00945179584120983,0.0604914933837429,0.0434782608695652,0.054820415879017,0.0245746691871456,0.0321361058601134,0.111531190926276,0.0510396975425331,0.0226843100189036,0.0321361058601134,0.100189035916824,0.132325141776938,0.0472589792060491,0.0056710775047259,0.0151228733459357,0.0623818525519849
"seq74",0.0826771653543307,0.0728346456692913,0.0433070866141732,0.0531496062992126,0.0374015748031496,0.0531496062992126,0.0570866141732283,0.100393700787402,0.0216535433070866,0.0433070866141732,0.0885826771653543,0.0433070866141732,0.0275590551181102,0.0354330708661417,0.047244094488189,0.102362204724409,0.015748031496063,0.00393700787401575,0.0236220472440945,0.047244094488189
"seq75",0.0779510022271715,0.0712694877505568,0.0334075723830735,0.0400890868596882,0.0423162583518931,0.0601336302895323,0.0356347438752784,0.102449888641425,0.0200445434298441,0.044543429844098,0.0734966592427617,0.0334075723830735,0.0155902004454343,0.0378619153674833,0.0935412026726058,0.0690423162583519,0.0467706013363029,0.0178173719376392,0.0111358574610245,0.0734966592427617
"seq76",0.130371449380918,0.0524399126001457,0.0196649672250546,0.0429715950473416,0.0189366351056082,0.0356882738528769,0.0924981791697014,0.0881281864530226,0.034231609613984,0.0320466132556446,0.125273124544792,0.0276766205389658,0.00873998543335761,0.0101966496722505,0.0735615440640932,0.0487982520029133,0.0568099053168245,0.00364166059723234,0.00291332847778587,0.0954115076474873
"seq77",0.0627450980392157,0.0705882352941176,0.0313725490196078,0.0588235294117647,0.0156862745098039,0.0823529411764706,0.0411764705882353,0.0588235294117647,0.0215686274509804,0.0411764705882353,0.109803921568627,0.0686274509803922,0.0313725490196078,0.0509803921568627,0.0392156862745098,0.0686274509803922,0.0490196078431373,0.0137254901960784,0.0215686274509804,0.0627450980392157
"seq78",0.0761245674740484,0.0795847750865052,0.0173010380622837,0.0622837370242214,0.0103806228373702,0.055363321799308,0.0622837370242214,0.069204152249135,0.0242214532871972,0.055363321799308,0.107266435986159,0.0346020761245675,0.027681660899654,0.0484429065743945,0.0588235294117647,0.041522491349481,0.0657439446366782,0.013840830449827,0.0484429065743945,0.041522491349481
"seq79",0.122137404580153,0.083969465648855,0.0229007633587786,0.0458015267175573,0,0.099236641221374,0.0305343511450382,0.114503816793893,0.0229007633587786,0.0152671755725191,0.0458015267175573,0.0610687022900763,0.0305343511450382,0.0305343511450382,0.0229007633587786,0.122137404580153,0.0229007633587786,0.0152671755725191,0.0458015267175573,0.0458015267175573
"seq80",0.114155251141553,0.10958904109589,0.0136986301369863,0.0228310502283105,0.0182648401826484,0.0730593607305936,0.0136986301369863,0.0958904109589041,0.0365296803652968,0.0091324200913242,0.141552511415525,0.0273972602739726,0.0136986301369863,0.0410958904109589,0.0821917808219178,0.0365296803652968,0.045662100456621,0.0136986301369863,0.0319634703196347,0.0593607305936073
"seq81",0.0601023017902813,0.0485933503836317,0.0383631713554987,0.0562659846547315,0.0332480818414322,0.0639386189258312,0.0498721227621483,0.0677749360613811,0.0242966751918159,0.0242966751918159,0.10997442455243,0.0639386189258312,0.0191815856777494,0.051150895140665,0.0664961636828645,0.0856777493606138,0.0473145780051151,0.0127877237851662,0.030690537084399,0.0460358056265985
"seq82",0.0487238979118329,0.0208816705336427,0.0487238979118329,0.0417633410672854,0.00464037122969838,0.0510440835266821,0.0394431554524362,0.0394431554524362,0.0116009280742459,0.0533642691415313,0.109048723897912,0.074245939675174,0.0162412993039443,0.037122969837587,0.120649651972158,0.139211136890951,0.0672853828306264,0.00928074245939675,0.0185614849187935,0.0487238979118329
"seq83",0.0627705627705628,0.0541125541125541,0.038961038961039,0.0454545454545455,0.0281385281385281,0.0606060606060606,0.0303030303030303,0.0692640692640693,0.0324675324675325,0.0432900432900433,0.103896103896104,0.0562770562770563,0.0367965367965368,0.0367965367965368,0.0757575757575758,0.0974025974025974,0.051948051948052,0.00432900432900433,0.0194805194805195,0.051948051948052
"seq84",0.051948051948052,0.0487012987012987,0.053030303030303,0.0627705627705628,0.0216450216450216,0.0638528138528139,0.0465367965367965,0.0335497835497836,0.0227272727272727,0.0692640692640693,0.0963203463203463,0.0670995670995671,0.0151515151515152,0.0551948051948052,0.0508658008658009,0.104978354978355,0.051948051948052,0.00432900432900433,0.0303030303030303,0.0497835497835498
"seq85",0.0496031746031746,0.0694444444444444,0.0753968253968254,0.0654761904761905,0.0138888888888889,0.0615079365079365,0.0476190476190476,0.0456349206349206,0.0257936507936508,0.0515873015873016,0.0992063492063492,0.0694444444444444,0.0257936507936508,0.0416666666666667,0.0277777777777778,0.0932539682539683,0.0416666666666667,0.0238095238095238,0.0277777777777778,0.0436507936507936
"seq86",0.0916666666666667,0.0833333333333333,0.0430555555555556,0.0527777777777778,0.00833333333333333,0.0819444444444444,0.0652777777777778,0.0708333333333333,0.025,0.0430555555555556,0.108333333333333,0.0333333333333333,0.0333333333333333,0.0305555555555556,0.0277777777777778,0.0486111111111111,0.0458333333333333,0.0180555555555556,0.0319444444444444,0.0569444444444444
"seq87",0.0516304347826087,0.0380434782608696,0.046195652173913,0.0353260869565217,0.0298913043478261,0.0625,0.0625,0.0380434782608696,0.0516304347826087,0.0353260869565217,0.0679347826086956,0.0706521739130435,0.0298913043478261,0.0244565217391304,0.0489130434782609,0.0869565217391304,0.0760869565217391,0.0217391304347826,0.0407608695652174,0.0815217391304348
"seq88",0.0384615384615385,0.0692307692307692,0.0769230769230769,0.0461538461538462,0.0153846153846154,0.107692307692308,0.0692307692307692,0.0230769230769231,0,0.0846153846153846,0.146153846153846,0.0692307692307692,0.0153846153846154,0.00769230769230769,0.00769230769230769,0.0692307692307692,0.0307692307692308,0.00769230769230769,0.0384615384615385,0.0769230769230769
"seq89",0.0392609699769053,0.0438799076212471,0.0484988452655889,0.0669745958429561,0.0138568129330254,0.0762124711316397,0.0300230946882217,0.0600461893764434,0.0184757505773672,0.0969976905311778,0.0946882217090069,0.0715935334872979,0.0254041570438799,0.0554272517321016,0.0323325635103926,0.0531177829099307,0.0623556581986143,0.0069284064665127,0.0415704387990762,0.0623556581986143
"seq90",0.017220172201722,0.027060270602706,0.269372693726937,0.044280442804428,0.013530135301353,0.031980319803198,0.044280442804428,0.045510455104551,0.03690036900369,0.029520295202952,0.0762607626076261,0.0578105781057811,0.045510455104551,0.028290282902829,0.023370233702337,0.129151291512915,0.02460024600246,0.00615006150061501,0.02460024600246,0.02460024600246
"seq91",0.0373831775700935,0.088785046728972,0.0467289719626168,0.0420560747663551,0.0186915887850467,0.0841121495327103,0.0514018691588785,0.0420560747663551,0.014018691588785,0.0841121495327103,0.0841121495327103,0.0607476635514019,0.0327102803738318,0.0420560747663551,0.0467289719626168,0.088785046728972,0.0467289719626168,0.00934579439252336,0.0327102803738318,0.0467289719626168
"seq92",0.0930851063829787,0.0558510638297872,0.0478723404255319,0.0425531914893617,0.0132978723404255,0.0797872340425532,0.074468085106383,0.0771276595744681,0.023936170212766,0.0558510638297872,0.0664893617021277,0.0611702127659574,0.0478723404255319,0.0186170212765957,0.0585106382978723,0.0851063829787234,0.0345744680851064,0.00265957446808511,0.0372340425531915,0.023936170212766
"seq93",0.101449275362319,0.0652173913043478,0.0434782608695652,0.036231884057971,0.0217391304347826,0.144927536231884,0.072463768115942,0.0217391304347826,0.0144927536231884,0.0434782608695652,0.072463768115942,0.101449275362319,0.0217391304347826,0.036231884057971,0.0072463768115942,0.072463768115942,0.0579710144927536,0,0.0217391304347826,0.0434782608695652
"seq94",0.0610687022900763,0.0661577608142494,0.0356234096692112,0.0508905852417303,0.0254452926208651,0.0763358778625954,0.0381679389312977,0.0585241730279898,0.0305343511450382,0.0203562340966921,0.0814249363867685,0.0508905852417303,0.0305343511450382,0.0279898218829517,0.114503816793893,0.0966921119592875,0.0559796437659033,0.0101781170483461,0.0229007633587786,0.0458015267175573
"seq95",0.0594315245478036,0.062015503875969,0.020671834625323,0.0439276485788114,0.0310077519379845,0.082687338501292,0.0361757105943152,0.062015503875969,0.0284237726098191,0.0232558139534884,0.0904392764857881,0.062015503875969,0.0258397932816537,0.0335917312661499,0.0981912144702842,0.0904392764857881,0.0594315245478036,0.00775193798449612,0.0310077519379845,0.0516795865633075
"seq96",0.0503597122302158,0.0503597122302158,0.0503597122302158,0.0503597122302158,0,0.0863309352517986,0.0935251798561151,0.0431654676258993,0.0215827338129496,0.0503597122302158,0.122302158273381,0.0719424460431655,0.0431654676258993,0.0359712230215827,0.00719424460431655,0.0647482014388489,0.0863309352517986,0,0.0431654676258993,0.0287769784172662
"seq97",0.0987654320987654,0.0617283950617284,0,0.0864197530864197,0,0.0740740740740741,0.0617283950617284,0.0740740740740741,0.0246913580246914,0,0.172839506172839,0.0740740740740741,0.0246913580246914,0.0493827160493827,0.0123456790123457,0.037037037037037,0.0123456790123457,0,0,0.135802469135802
"seq98",0.0563961485557084,0.061898211829436,0.0330123796423659,0.0550206327372765,0.0371389270976616,0.107290233837689,0.0550206327372765,0.0536451169188446,0.0453920220082531,0.0302613480055021,0.0481430536451169,0.0894085281980743,0.031636863823934,0.0233837689133425,0.0687757909215956,0.046767537826685,0.0646492434662999,0.00137551581843191,0.0247592847317744,0.0660247592847318
"seq99",0.0609756097560976,0.108231707317073,0.0213414634146341,0.0701219512195122,0.0503048780487805,0.0884146341463415,0.0609756097560976,0.0518292682926829,0.0289634146341463,0.0335365853658537,0.0670731707317073,0.0701219512195122,0.0198170731707317,0.0228658536585366,0.0777439024390244,0.0640243902439024,0.0335365853658537,0.0106707317073171,0.024390243902439,0.0350609756097561
"seq100",0.118372379778052,0.101109741060419,0.00863131935881628,0.0431565967940814,0.00123304562268804,0.110974106041924,0.0271270036991369,0.0764488286066584,0.0135635018495684,0.0172626387176326,0.165228113440197,0.030826140567201,0.0172626387176326,0.0382244143033292,0.0591861898890259,0.0271270036991369,0.0431565967940814,0.00246609124537608,0.0345252774352651,0.064118372379778
"seq101",0.0575620767494357,0.0496613995485327,0.0677200902934537,0.04627539503386,0.0158013544018059,0.0790067720090293,0.0372460496613995,0.0349887133182844,0.0169300225733634,0.0598194130925508,0.0880361173814898,0.0609480812641084,0.0259593679458239,0.0383747178329571,0.0440180586907449,0.107223476297968,0.0677200902934537,0.0124153498871332,0.0293453724604966,0.0609480812641084
"seq102",0.0852534562211982,0.0460829493087558,0.0299539170506912,0.0391705069124424,0.0115207373271889,0.0691244239631336,0.0576036866359447,0.0645161290322581,0.0276497695852535,0.0552995391705069,0.0668202764976959,0.0599078341013825,0.0230414746543779,0.0414746543778802,0.0691244239631336,0.1036866359447,0.0460829493087558,0.0138248847926267,0.0414746543778802,0.0483870967741935
"seq103",0.135593220338983,0.0423728813559322,0.0254237288135593,0.0254237288135593,0,0.076271186440678,0.0423728813559322,0.0423728813559322,0.0254237288135593,0.0508474576271186,0.11864406779661,0.0677966101694915,0.0423728813559322,0.0169491525423729,0.0338983050847458,0.135593220338983,0.0254237288135593,0,0.0254237288135593,0.0677966101694915
"seq104",0.105263157894737,0.0584795321637427,0.0175438596491228,0.0467836257309941,0.0526315789473684,0.0935672514619883,0.064327485380117,0.0350877192982456,0.0526315789473684,0.0292397660818713,0.111111111111111,0.0526315789473684,0.0292397660818713,0.0292397660818713,0.0409356725146199,0.0350877192982456,0.0526315789473684,0,0.0175438596491228,0.0760233918128655
"seq105",0.0504587155963303,0.0504587155963303,0.0527522935779817,0.0642201834862385,0.0275229357798165,0.0596330275229358,0.055045871559633,0.055045871559633,0.0298165137614679,0.0275229357798165,0.0825688073394495,0.0527522935779817,0.0206422018348624,0.0389908256880734,0.0963302752293578,0.0963302752293578,0.0389908256880734,0.0229357798165138,0.0412844036697248,0.036697247706422
"seq106",0.0635359116022099,0.0580110497237569,0.0497237569060773,0.0469613259668508,0.0331491712707182,0.104972375690608,0.0248618784530387,0.0552486187845304,0.0193370165745856,0.0524861878453039,0.107734806629834,0.0497237569060773,0.0303867403314917,0.0359116022099447,0.0441988950276243,0.0773480662983425,0.0552486187845304,0.0138121546961326,0.0276243093922652,0.0497237569060773
"seq107",0.116352201257862,0.0786163522012579,0.0283018867924528,0.0786163522012579,0.0283018867924528,0.059748427672956,0.0283018867924528,0.0691823899371069,0.0251572327044025,0.0220125786163522,0.0849056603773585,0.0283018867924528,0.0157232704402516,0.0251572327044025,0.116352201257862,0.0974842767295598,0.0408805031446541,0.00314465408805031,0.0283018867924528,0.0251572327044025
