"","A","R","N","D","C","E","Q","G","H","I","L","K","M","F","P","S","T","W","Y","V"
"seq8001",0.0746268656716418,0.0132669983416252,0.0563847429519071,0.0182421227197347,0.00995024875621891,0.0149253731343284,0.033167495854063,0.0431177446102819,0.0232172470978441,0.0895522388059701,0.172470978441128,0.0348258706467662,0.0447761194029851,0.0630182421227197,0.0530679933665008,0.0796019900497512,0.104477611940299,0.0199004975124378,0.0265339966832504,0.0248756218905473
"seq8002",0.0748299319727891,0.0641399416909621,0.0466472303206997,0.0612244897959184,0.0155490767735666,0.0602526724975705,0.0563654033041788,0.0699708454810496,0.033041788143829,0.0379008746355685,0.0932944606413994,0.0194363459669582,0.0233236151603499,0.0379008746355685,0.0621963070942663,0.0592808551992225,0.054421768707483,0.0379008746355685,0.0301263362487852,0.0621963070942663
"seq8003",0.17965367965368,0.0454545454545455,0.0411255411255411,0.038961038961039,0.0151515151515152,0.0606060606060606,0.0476190476190476,0.0844155844155844,0.0173160173160173,0.0432900432900433,0.0887445887445888,0.0367965367965368,0.0324675324675325,0.0346320346320346,0.038961038961039,0.0346320346320346,0.051948051948052,0.0151515151515152,0.0173160173160173,0.0757575757575758
"seq8004",0.0461938841899805,0.0162654521795706,0.033181522446324,0.0279765777488614,0.0104098893949252,0.05530253741054,0.0214703968770332,0.0611581001951854,0.00325309043591412,0.0624593363695511,0.0344827586206897,0.0123617436564736,0.0188679245283019,0.0234222511385817,0.0585556278464541,0.130123617436565,0.28106701366298,0.0162654521795706,0.0188679245283019,0.0683148991541965
"seq8005",0.0567010309278351,0.0360824742268041,0.0850515463917526,0.0670103092783505,0.00515463917525773,0.0695876288659794,0.0489690721649485,0.0721649484536082,0.0154639175257732,0.0592783505154639,0.103092783505155,0.0695876288659794,0.0335051546391753,0.0541237113402062,0.0438144329896907,0.0438144329896907,0.0567010309278351,0.0128865979381443,0.0154639175257732,0.0515463917525773
"seq8006",0.0753424657534247,0.0273972602739726,0.0479452054794521,0.0821917808219178,0.0136986301369863,0.102739726027397,0.0410958904109589,0.0684931506849315,0.0479452054794521,0.0479452054794521,0.116438356164384,0.0410958904109589,0.0479452054794521,0.0342465753424658,0.0479452054794521,0.0616438356164384,0.0342465753424658,0.00684931506849315,0.0273972602739726,0.0273972602739726
"seq8007",0.0888888888888889,0.0388888888888889,0.0166666666666667,0.0611111111111111,0.0222222222222222,0.0611111111111111,0.0222222222222222,0.0888888888888889,0.0222222222222222,0.0777777777777778,0.1,0.0833333333333333,0.0166666666666667,0.0333333333333333,0.0388888888888889,0.0333333333333333,0.0666666666666667,0,0.0222222222222222,0.105555555555556
"seq8008",0.0883720930232558,0.0604651162790698,0.0302325581395349,0.0674418604651163,0.0116279069767442,0.072093023255814,0.0441860465116279,0.0651162790697674,0.0372093023255814,0.0604651162790698,0.0790697674418605,0.0348837209302326,0.0302325581395349,0.0372093023255814,0.0441860465116279,0.0627906976744186,0.072093023255814,0.0186046511627907,0.027906976744186,0.0558139534883721
"seq8009",0.0869565217391304,0.105590062111801,0.0062111801242236,0.0434782608695652,0.0062111801242236,0.0745341614906832,0.0248447204968944,0.111801242236025,0.0186335403726708,0.0434782608695652,0.0869565217391304,0.0062111801242236,0.031055900621118,0.0186335403726708,0.0559006211180124,0.062111801242236,0.0683229813664596,0.0372670807453416,0.031055900621118,0.0807453416149068
"seq8010",0.091304347826087,0.0565217391304348,0.0260869565217391,0.0695652173913043,0.0130434782608696,0.0304347826086957,0.0521739130434783,0.0956521739130435,0.0173913043478261,0.0608695652173913,0.1,0.0478260869565217,0.0217391304347826,0.0347826086956522,0.0304347826086957,0.0652173913043478,0.0652173913043478,0.00869565217391304,0.0391304347826087,0.0739130434782609
"seq8011",0.109278350515464,0.0639175257731959,0.0329896907216495,0.065979381443299,0.0123711340206186,0.0639175257731959,0.0164948453608247,0.0680412371134021,0.0206185567010309,0.065979381443299,0.088659793814433,0.0412371134020619,0.0288659793814433,0.0309278350515464,0.0618556701030928,0.0432989690721649,0.0680412371134021,0.00824742268041237,0.022680412371134,0.0865979381443299
"seq8012",0.116040955631399,0.0750853242320819,0.0238907849829352,0.10580204778157,0.0102389078498294,0.0443686006825939,0.0204778156996587,0.0614334470989761,0.0307167235494881,0.0580204778156997,0.0750853242320819,0.0341296928327645,0.0409556313993174,0.0443686006825939,0.102389078498294,0.0238907849829352,0.0307167235494881,0.0238907849829352,0.0170648464163823,0.0614334470989761
"seq8013",0.0689655172413793,0.0603448275862069,0.0517241379310345,0.0387931034482759,0,0.0905172413793103,0.0344827586206897,0.0646551724137931,0.0474137931034483,0.0689655172413793,0.0862068965517241,0.0344827586206897,0.0129310344827586,0.0172413793103448,0.0603448275862069,0.0517241379310345,0.0689655172413793,0.00862068965517241,0.0603448275862069,0.0732758620689655
"seq8014",0.05859375,0.0390625,0.01953125,0.0390625,0,0.03515625,0.0234375,0.0703125,0.03125,0.046875,0.12109375,0.0703125,0.0546875,0.08984375,0.03515625,0.0546875,0.0703125,0.03515625,0.0390625,0.06640625
"seq8015",0.0725126475548061,0.0252951096121417,0.0994940978077572,0.0741989881956155,0.000843170320404722,0.0632377740303541,0.0505902192242833,0.06070826306914,0.0134907251264755,0.0531197301854975,0.0792580101180438,0.122259696458685,0.0118043844856661,0.0505902192242833,0.0261382799325464,0.0741989881956155,0.0421585160202361,0.00421585160202361,0.021079258010118,0.0548060708263069
"seq8016",0.0524781341107872,0.0291545189504373,0.0728862973760933,0.0379008746355685,0.0204081632653061,0.0233236151603499,0.0349854227405248,0.104956268221574,0.0087463556851312,0.043731778425656,0.075801749271137,0.0262390670553936,0.0145772594752187,0.032069970845481,0.0408163265306122,0.122448979591837,0.102040816326531,0.0174927113702624,0.0408163265306122,0.0991253644314869
"seq8017",0.0495626822157434,0.0291545189504373,0.0728862973760933,0.0379008746355685,0.0174927113702624,0.0233236151603499,0.0349854227405248,0.107871720116618,0.0087463556851312,0.043731778425656,0.0787172011661808,0.0262390670553936,0.0145772594752187,0.0349854227405248,0.0408163265306122,0.119533527696793,0.102040816326531,0.0174927113702624,0.0408163265306122,0.0991253644314869
"seq8018",0.0344827586206897,0.155172413793103,0.00862068965517241,0.0172413793103448,0,0.0775862068965517,0.0258620689655172,0.0862068965517241,0.0258620689655172,0.0862068965517241,0.0689655172413793,0.0862068965517241,0.00862068965517241,0.0344827586206897,0.0344827586206897,0.0517241379310345,0.0775862068965517,0,0.0172413793103448,0.103448275862069
"seq8019",0.0567010309278351,0.0360824742268041,0.0515463917525773,0.0670103092783505,0.0154639175257732,0.0670103092783505,0.0360824742268041,0.0721649484536082,0.0154639175257732,0.0567010309278351,0.0206185567010309,0.0618556701030928,0.0360824742268041,0.0670103092783505,0.0412371134020619,0.0721649484536082,0.077319587628866,0.0103092783505155,0.0360824742268041,0.103092783505155
"seq8020",0.0712401055408971,0.0211081794195251,0.0448548812664908,0.029023746701847,0.0105540897097625,0.0158311345646438,0.0158311345646438,0.0659630606860158,0.0316622691292876,0.0976253298153034,0.158311345646438,0.0263852242744063,0.0395778364116095,0.0633245382585752,0.0580474934036939,0.0580474934036939,0.0712401055408971,0.0316622691292876,0.0422163588390501,0.0474934036939314
"seq8021",0.10625,0.059375,0.034375,0.090625,0.009375,0.05,0.046875,0.078125,0.040625,0.046875,0.0625,0.034375,0.025,0.046875,0.04375,0.040625,0.06875,0.00625,0.025,0.084375
"seq8022",0.0427807486631016,0.0588235294117647,0.0695187165775401,0.0267379679144385,0.0267379679144385,0.0695187165775401,0.0641711229946524,0.0320855614973262,0.0267379679144385,0.0641711229946524,0.160427807486631,0.0641711229946524,0.0267379679144385,0.053475935828877,0.0053475935828877,0.0588235294117647,0.053475935828877,0.0160427807486631,0.053475935828877,0.0267379679144385
"seq8023",0.0859106529209622,0.0309278350515464,0.0446735395189003,0.0584192439862543,0.013745704467354,0.0790378006872852,0.0240549828178694,0.0824742268041237,0.0274914089347079,0.0790378006872852,0.0893470790378007,0.0790378006872852,0.0378006872852234,0.0343642611683849,0.0309278350515464,0.0309278350515464,0.0756013745704467,0.0103092783505155,0.0240549828178694,0.0618556701030928
"seq8024",0.0694864048338369,0.0422960725075529,0.0392749244712991,0.0483383685800604,0.00906344410876133,0.0755287009063444,0.0634441087613293,0.0574018126888218,0.0151057401812689,0.0845921450151057,0.0845921450151057,0.0694864048338369,0.0181268882175227,0.0392749244712991,0.0453172205438066,0.0513595166163142,0.0725075528700906,0.00302114803625378,0.0332326283987915,0.0785498489425982
"seq8025",0.0657142857142857,0.0542857142857143,0.0342857142857143,0.0514285714285714,0.02,0.0714285714285714,0.04,0.0771428571428571,0.0285714285714286,0.0371428571428571,0.0828571428571429,0.0514285714285714,0.0257142857142857,0.0571428571428571,0.0657142857142857,0.0542857142857143,0.0885714285714286,0.02,0.0285714285714286,0.0457142857142857
"seq8026",0.0968379446640316,0.0553359683794466,0.0474308300395257,0.0523715415019763,0.00395256916996047,0.0494071146245059,0.0316205533596838,0.0810276679841897,0.0158102766798419,0.0563241106719368,0.0879446640316206,0.0345849802371542,0.024703557312253,0.033596837944664,0.0741106719367589,0.066205533596838,0.0731225296442688,0.00988142292490119,0.0355731225296443,0.0701581027667984
"seq8027",0.0860927152317881,0.0596026490066225,0.0463576158940397,0.0662251655629139,0,0.0794701986754967,0.0463576158940397,0.0860927152317881,0.0264900662251656,0.0662251655629139,0.0728476821192053,0.0397350993377483,0.033112582781457,0.0132450331125828,0.0596026490066225,0.0794701986754967,0.0397350993377483,0.0132450331125828,0.0264900662251656,0.0596026490066225
"seq8028",0.129533678756477,0.0492227979274611,0.0284974093264249,0.0466321243523316,0.0155440414507772,0.0544041450777202,0.0699481865284974,0.0440414507772021,0.0362694300518135,0.0518134715025907,0.106217616580311,0.0259067357512953,0.0155440414507772,0.0440414507772021,0.0595854922279793,0.0544041450777202,0.0544041450777202,0.0129533678756477,0.038860103626943,0.0621761658031088
"seq8029",0.0582010582010582,0.0264550264550265,0.037037037037037,0.0105820105820106,0.00529100529100529,0.0105820105820106,0.0264550264550265,0.126984126984127,0,0.126984126984127,0.142857142857143,0.0476190476190476,0.0264550264550265,0.0952380952380952,0.0529100529100529,0.0476190476190476,0.0582010582010582,0.0158730158730159,0.0211640211640212,0.0634920634920635
"seq8030",0.136054421768707,0.0476190476190476,0.0340136054421769,0.0272108843537415,0.00680272108843537,0.0748299319727891,0.0680272108843537,0.0816326530612245,0.0136054421768707,0.0340136054421769,0.136054421768707,0.0476190476190476,0.0204081632653061,0.0408163265306122,0.0408163265306122,0.0408163265306122,0.0748299319727891,0.0136054421768707,0.0136054421768707,0.0476190476190476
"seq8031",0.0660247592847318,0.0330123796423659,0.10041265474553,0.0577716643741403,0.0137551581843191,0.0412654745529574,0.0330123796423659,0.0825309491059147,0.0178817056396149,0.0660247592847318,0.0660247592847318,0.0481430536451169,0.00962861072902338,0.0412654745529574,0.0398899587345254,0.0646492434662999,0.078404401650619,0.0110041265474553,0.0453920220082531,0.0839064649243466
"seq8032",0.0836363636363636,0.04,0.0557575757575758,0.0715151515151515,0.00727272727272727,0.0715151515151515,0.0339393939393939,0.0739393939393939,0.0339393939393939,0.0521212121212121,0.0739393939393939,0.0496969696969697,0.0242424242424242,0.0484848484848485,0.0521212121212121,0.0484848484848485,0.0606060606060606,0.0206060606060606,0.0375757575757576,0.0606060606060606
"seq8033",0.111510791366906,0.0359712230215827,0.0323741007194245,0.039568345323741,0.00719424460431655,0.0647482014388489,0.0539568345323741,0.0971223021582734,0.0287769784172662,0.0863309352517986,0.100719424460432,0.0359712230215827,0.0179856115107914,0.0215827338129496,0.0647482014388489,0.0539568345323741,0.0467625899280576,0,0.0251798561151079,0.0755395683453237
"seq8034",0.0933333333333333,0.0466666666666667,0.08,0.0466666666666667,0.04,0.0666666666666667,0.0333333333333333,0.06,0.04,0.0733333333333333,0.0533333333333333,0.06,0.0333333333333333,0.02,0.02,0.0266666666666667,0.0733333333333333,0.00666666666666667,0.0466666666666667,0.08
"seq8035",0.112781954887218,0.075187969924812,0.0225563909774436,0.0526315789473684,0.0150375939849624,0.0651629072681704,0.0325814536340852,0.112781954887218,0.0200501253132832,0.0476190476190476,0.107769423558897,0.025062656641604,0.0275689223057644,0.025062656641604,0.0350877192982456,0.0651629072681704,0.06265664160401,0.012531328320802,0.0200501253132832,0.06265664160401
"seq8036",0.169491525423729,0.0605326876513317,0.0242130750605327,0.0581113801452785,0.00726392251815981,0.0460048426150121,0.036319612590799,0.0920096852300242,0.0290556900726392,0.0435835351089588,0.0920096852300242,0.0145278450363196,0.0169491525423729,0.0217917675544794,0.0508474576271186,0.062953995157385,0.0605326876513317,0.0145278450363196,0.00726392251815981,0.0920096852300242
"seq8037",0.0635696821515892,0.0611246943765281,0.0513447432762836,0.0831295843520782,0.019559902200489,0.0611246943765281,0.039119804400978,0.0244498777506112,0.0220048899755501,0.0537897310513447,0.0953545232273839,0.0880195599022005,0.0220048899755501,0.0513447432762836,0.0537897310513447,0.0709046454767726,0.039119804400978,0.0171149144254279,0.0366748166259169,0.0464547677261614
"seq8038",0.0789473684210526,0.043859649122807,0.043859649122807,0.0263157894736842,0.0175438596491228,0.0789473684210526,0,0.0350877192982456,0.0526315789473684,0.0614035087719298,0.0526315789473684,0.0701754385964912,0.0350877192982456,0.0526315789473684,0.0614035087719298,0.114035087719298,0.0701754385964912,0.0175438596491228,0.0263157894736842,0.0614035087719298
"seq8039",0.0411764705882353,0.0470588235294118,0.0470588235294118,0.0470588235294118,0,0.105882352941176,0.0294117647058824,0.0823529411764706,0.0294117647058824,0.0823529411764706,0.0764705882352941,0.0882352941176471,0.0176470588235294,0.0294117647058824,0.0294117647058824,0.0705882352941176,0.0588235294117647,0.00588235294117647,0.0294117647058824,0.0823529411764706
"seq8040",0.0591715976331361,0.0355029585798817,0.0473372781065089,0.0532544378698225,0,0.0887573964497041,0.0355029585798817,0.100591715976331,0.0177514792899408,0.0887573964497041,0.0710059171597633,0.0591715976331361,0.0118343195266272,0.0236686390532544,0.0355029585798817,0.0769230769230769,0.0650887573964497,0.00591715976331361,0.0355029585798817,0.0887573964497041
"seq8041",0.131627056672761,0.0511882998171846,0.0457038391224863,0.0438756855575868,0.00731261425959781,0.0621572212065814,0.0475319926873857,0.076782449725777,0.0164533820840951,0.0621572212065814,0.0987202925045704,0.0475319926873857,0.0274223034734918,0.0274223034734918,0.0457038391224863,0.056672760511883,0.0457038391224863,0.0146252285191956,0.0329067641681901,0.0585009140767824
"seq8042",0.0428571428571429,0.0452380952380952,0.0476190476190476,0.0690476190476191,0.00476190476190476,0.080952380952381,0.0571428571428571,0.0904761904761905,0.0261904761904762,0.080952380952381,0.0928571428571429,0.0666666666666667,0.0166666666666667,0.0428571428571429,0.0238095238095238,0.0571428571428571,0.0571428571428571,0.0119047619047619,0.0357142857142857,0.05
"seq8043",0.0769230769230769,0.0341880341880342,0.0427350427350427,0.0598290598290598,0,0.094017094017094,0.0512820512820513,0.0769230769230769,0.047008547008547,0.0598290598290598,0.0769230769230769,0.0555555555555556,0.0256410256410256,0.0726495726495727,0.0341880341880342,0.0341880341880342,0.0598290598290598,0,0.0299145299145299,0.0683760683760684
"seq8044",0.0176991150442478,0.0707964601769911,0.079646017699115,0.0884955752212389,0.0619469026548673,0.0884955752212389,0.0442477876106195,0.0265486725663717,0.0176991150442478,0.0353982300884956,0.079646017699115,0.0619469026548673,0.0265486725663717,0.0353982300884956,0.0442477876106195,0.0619469026548673,0.0707964601769911,0,0.0442477876106195,0.0442477876106195
"seq8045",0.122840690978887,0.0575815738963532,0.0326295585412668,0.072936660268714,0.00575815738963532,0.0287907869481766,0.0287907869481766,0.101727447216891,0.0287907869481766,0.0422264875239923,0.0690978886756238,0.00959692898272553,0.0115163147792706,0.0268714011516315,0.0671785028790787,0.0479846449136276,0.09021113243762,0.0403071017274472,0.0460652591170825,0.0690978886756238
"seq8046",0.115686274509804,0.0882352941176471,0.0137254901960784,0.0490196078431373,0.00196078431372549,0.103921568627451,0.0294117647058824,0.0764705882352941,0.0274509803921569,0.0235294117647059,0.123529411764706,0.0313725490196078,0.0137254901960784,0.0509803921568627,0.0686274509803922,0.0352941176470588,0.0333333333333333,0.0215686274509804,0.0431372549019608,0.0490196078431373
"seq8047",0.0512820512820513,0.0427350427350427,0.0170940170940171,0.0683760683760684,0,0.0683760683760684,0.0256410256410256,0.136752136752137,0.00854700854700855,0.0427350427350427,0.0769230769230769,0.0598290598290598,0.0256410256410256,0.0170940170940171,0.0598290598290598,0.0512820512820513,0.0512820512820513,0.0256410256410256,0.0683760683760684,0.102564102564103
"seq8048",0.130952380952381,0.0833333333333333,0.0158730158730159,0.0357142857142857,0.0198412698412698,0.0555555555555556,0.0317460317460317,0.126984126984127,0.0158730158730159,0.0436507936507936,0.0714285714285714,0.0436507936507936,0.0158730158730159,0.0317460317460317,0.0833333333333333,0.0674603174603175,0.0396825396825397,0.00396825396825397,0.0317460317460317,0.0515873015873016
"seq8049",0.0599078341013825,0.0368663594470046,0.0276497695852535,0.0506912442396313,0.00460829493087558,0.101382488479263,0.0506912442396313,0.0460829493087558,0.0368663594470046,0.0552995391705069,0.129032258064516,0.0967741935483871,0.0276497695852535,0.0230414746543779,0.0276497695852535,0.0460829493087558,0.0460829493087558,0,0.0599078341013825,0.0737327188940092
"seq8050",0.108761329305136,0.0513595166163142,0.0241691842900302,0.0483383685800604,0.00604229607250755,0.054380664652568,0.054380664652568,0.0785498489425982,0.0211480362537764,0.0422960725075529,0.081570996978852,0.0755287009063444,0.0302114803625378,0.0422960725075529,0.0453172205438066,0.0694864048338369,0.0634441087613293,0.00604229607250755,0.0211480362537764,0.0755287009063444
"seq8051",0.130653266331658,0.0351758793969849,0.0201005025125628,0.0452261306532663,0.0201005025125628,0.0753768844221105,0.0603015075376884,0.0703517587939698,0.0201005025125628,0.0301507537688442,0.0753768844221105,0.085427135678392,0.0452261306532663,0.0402010050251256,0.0452261306532663,0.0703517587939698,0.0452261306532663,0.0050251256281407,0.0402010050251256,0.0402010050251256
"seq8052",0.0958333333333333,0.0666666666666667,0.0375,0.05,0.0208333333333333,0.0583333333333333,0.0541666666666667,0.0625,0.0333333333333333,0.075,0.129166666666667,0.0333333333333333,0.0125,0.0291666666666667,0.0458333333333333,0.0625,0.0541666666666667,0.0166666666666667,0.025,0.0375
"seq8053",0.0827067669172932,0.0401002506265664,0.0476190476190476,0.0576441102756892,0.0075187969924812,0.0526315789473684,0.0576441102756892,0.0651629072681704,0.0350877192982456,0.0726817042606516,0.0827067669172932,0.037593984962406,0.0300751879699248,0.0476190476190476,0.0676691729323308,0.0451127819548872,0.0651629072681704,0.0175438596491228,0.0350877192982456,0.0526315789473684
"seq8054",0.237668161434978,0.0493273542600897,0,0.0582959641255605,0.00896860986547085,0.0403587443946188,0.00896860986547085,0.116591928251121,0.0224215246636771,0.0224215246636771,0.0941704035874439,0.0269058295964126,0.0224215246636771,0.0179372197309417,0.031390134529148,0.0538116591928251,0.0493273542600897,0,0.00448430493273543,0.134529147982063
"seq8055",0.0592948717948718,0.0592948717948718,0.0304487179487179,0.0576923076923077,0.0240384615384615,0.0608974358974359,0.0641025641025641,0.0737179487179487,0.0368589743589744,0.0608974358974359,0.0993589743589744,0.0625,0.0288461538461538,0.0256410256410256,0.0496794871794872,0.0689102564102564,0.0432692307692308,0.016025641025641,0.0288461538461538,0.0496794871794872
"seq8056",0.0678571428571429,0.0696428571428571,0.0392857142857143,0.0785714285714286,0.00892857142857143,0.0607142857142857,0.0303571428571429,0.0821428571428571,0.0339285714285714,0.0321428571428571,0.108928571428571,0.0232142857142857,0.0214285714285714,0.0517857142857143,0.0696428571428571,0.0446428571428571,0.0517857142857143,0.0232142857142857,0.0464285714285714,0.0553571428571429
"seq8057",0.115191986644407,0.0417362270450751,0.0317195325542571,0.0617696160267112,0.010016694490818,0.0634390651085142,0.0584307178631052,0.0684474123539232,0.0250417362270451,0.0484140233722871,0.105175292153589,0.0450751252086811,0.0300500834724541,0.0200333889816361,0.0434056761268781,0.0417362270450751,0.0684474123539232,0.010016694490818,0.0217028380634391,0.0901502504173623
"seq8058",0.132596685082873,0.0497237569060773,0.0248618784530387,0.069060773480663,0.0276243093922652,0.0441988950276243,0.0524861878453039,0.0801104972375691,0.0331491712707182,0.074585635359116,0.0911602209944751,0.0359116022099447,0.0110497237569061,0.0331491712707182,0.0303867403314917,0.0580110497237569,0.0635359116022099,0.0165745856353591,0.0165745856353591,0.0552486187845304
"seq8059",0.10958904109589,0.0273972602739726,0.0319634703196347,0.0639269406392694,0.0045662100456621,0.0502283105022831,0.0365296803652968,0.118721461187215,0.0182648401826484,0.091324200913242,0.0730593607305936,0.0593607305936073,0.0319634703196347,0.0228310502283105,0.0365296803652968,0.045662100456621,0.0502283105022831,0.0045662100456621,0.0136986301369863,0.10958904109589
"seq8060",0.105504587155963,0.0275229357798165,0.0321100917431193,0.0688073394495413,0.0137614678899083,0.073394495412844,0.018348623853211,0.110091743119266,0.00917431192660551,0.0917431192660551,0.0596330275229358,0.0688073394495413,0.0275229357798165,0.0229357798165138,0.0321100917431193,0.0412844036697248,0.0596330275229358,0.00458715596330275,0.0229357798165138,0.110091743119266
"seq8061",0.0911680911680912,0.0655270655270655,0.0142450142450142,0.0769230769230769,0.0056980056980057,0.0655270655270655,0.0512820512820513,0.0769230769230769,0.0199430199430199,0.0626780626780627,0.0883190883190883,0.0455840455840456,0.0512820512820513,0.0398860398860399,0.0455840455840456,0.037037037037037,0.056980056980057,0.0142450142450142,0.0455840455840456,0.0455840455840456
"seq8062",0.131086142322097,0.0636704119850187,0.0411985018726592,0.0674157303370786,0.0149812734082397,0.048689138576779,0.0299625468164794,0.0936329588014981,0.0262172284644195,0.048689138576779,0.0861423220973783,0.0299625468164794,0.0374531835205993,0.0411985018726592,0.0224719101123595,0.052434456928839,0.0561797752808989,0.00749063670411985,0.0262172284644195,0.0749063670411985
"seq8063",0.0625,0.03125,0.0572916666666667,0.0208333333333333,0.0104166666666667,0.119791666666667,0.046875,0.0416666666666667,0.046875,0.0625,0.0833333333333333,0.0729166666666667,0.03125,0.0677083333333333,0.0208333333333333,0.0416666666666667,0.0885416666666667,0,0.03125,0.0625
"seq8064",0.110565110565111,0.110565110565111,0.0147420147420147,0.058968058968059,0.00491400491400491,0.0712530712530713,0.027027027027027,0.0958230958230958,0.0245700245700246,0.0343980343980344,0.105651105651106,0.0122850122850123,0.0221130221130221,0.0196560196560197,0.0761670761670762,0.027027027027027,0.0687960687960688,0.0196560196560197,0.0171990171990172,0.0786240786240786
"seq8065",0.174757281553398,0.0258899676375405,0.029126213592233,0.0355987055016181,0.0161812297734628,0.0679611650485437,0.0517799352750809,0.0776699029126214,0.0129449838187702,0.029126213592233,0.0841423948220065,0.0453074433656958,0.0355987055016181,0.0258899676375405,0.0550161812297735,0.0453074433656958,0.0517799352750809,0.0129449838187702,0.0226537216828479,0.100323624595469
"seq8066",0.039426523297491,0.03584229390681,0.0716845878136201,0.0824372759856631,0.00716845878136201,0.0609318996415771,0.0537634408602151,0.0501792114695341,0.03584229390681,0.0716845878136201,0.0860215053763441,0.0752688172043011,0.032258064516129,0.043010752688172,0.028673835125448,0.039426523297491,0.0501792114695341,0.032258064516129,0.039426523297491,0.0645161290322581
"seq8067",0.0586080586080586,0.021978021978022,0.0622710622710623,0.0732600732600733,0.010989010989011,0.0586080586080586,0.032967032967033,0.0476190476190476,0.0366300366300366,0.0695970695970696,0.0879120879120879,0.0586080586080586,0.021978021978022,0.0659340659340659,0.043956043956044,0.0586080586080586,0.043956043956044,0.00732600732600733,0.0402930402930403,0.0989010989010989
"seq8068",0.1,0.0323529411764706,0.0455882352941176,0.05,0.00294117647058824,0.0514705882352941,0.0338235294117647,0.0852941176470588,0.025,0.0529411764705882,0.0926470588235294,0.0632352941176471,0.0161764705882353,0.0411764705882353,0.0558823529411765,0.0838235294117647,0.0544117647058824,0.0132352941176471,0.0382352941176471,0.0617647058823529
"seq8069",0.127358490566038,0.0566037735849057,0.0141509433962264,0.0471698113207547,0.00471698113207547,0.0613207547169811,0.0471698113207547,0.0518867924528302,0.0141509433962264,0.0754716981132075,0.117924528301887,0.0660377358490566,0.0235849056603774,0.0518867924528302,0.0424528301886792,0.0518867924528302,0.0518867924528302,0.0141509433962264,0.0283018867924528,0.0518867924528302
"seq8070",0.123110151187905,0.0626349892008639,0.0215982721382289,0.0583153347732181,0.00647948164146868,0.0647948164146868,0.0345572354211663,0.116630669546436,0.0237580993520518,0.0496760259179266,0.0907127429805616,0.0280777537796976,0.0172786177105832,0.0367170626349892,0.0518358531317495,0.0367170626349892,0.0561555075593952,0.00863930885529158,0.019438444924406,0.0928725701943845
"seq8071",0.125523012552301,0.0292887029288703,0.0292887029288703,0.0481171548117155,0.00836820083682008,0.0648535564853557,0.0251046025104603,0.112970711297071,0.0188284518828452,0.0606694560669456,0.0732217573221757,0.0711297071129707,0.0251046025104603,0.0251046025104603,0.0292887029288703,0.0460251046025105,0.0669456066945607,0.00627615062761506,0.0188284518828452,0.115062761506276
"seq8072",0.103194103194103,0.0491400491400491,0.0417690417690418,0.0614250614250614,0.0147420147420147,0.0491400491400491,0.0466830466830467,0.0761670761670762,0.0294840294840295,0.0515970515970516,0.113022113022113,0.0294840294840295,0.0196560196560197,0.0417690417690418,0.0491400491400491,0.0540540540540541,0.0540540540540541,0,0.0319410319410319,0.0835380835380835
"seq8073",0.0798004987531172,0.084788029925187,0.0324189526184539,0.0972568578553616,0.0149625935162095,0.0623441396508728,0.0224438902743142,0.0648379052369077,0.0174563591022444,0.0349127182044888,0.109725685785536,0.0224438902743142,0.0473815461346633,0.0473815461346633,0.057356608478803,0.0423940149625935,0.0648379052369077,0.00997506234413965,0.0124688279301746,0.0748129675810474
"seq8074",0.0851449275362319,0.0778985507246377,0.0289855072463768,0.0960144927536232,0.00905797101449275,0.0706521739130435,0.0253623188405797,0.0760869565217391,0.0307971014492754,0.0434782608695652,0.0833333333333333,0.0434782608695652,0.036231884057971,0.0344202898550725,0.0579710144927536,0.0434782608695652,0.0398550724637681,0.0181159420289855,0.0434782608695652,0.0561594202898551
"seq8075",0.1025,0.1025,0.0175,0.0725,0.0175,0.08,0.025,0.075,0.0275,0.0275,0.085,0.0225,0.0275,0.0375,0.0425,0.06,0.0575,0.01,0.0275,0.0825
"seq8076",0.125954198473282,0.0954198473282443,0.0152671755725191,0.049618320610687,0.0267175572519084,0.0610687022900763,0.0458015267175573,0.0687022900763359,0.00763358778625954,0.0229007633587786,0.179389312977099,0.0305343511450382,0.0152671755725191,0.0190839694656489,0.0687022900763359,0.0381679389312977,0.0381679389312977,0.0152671755725191,0.0190839694656489,0.0572519083969466
"seq8077",0.121212121212121,0.0303030303030303,0.0538720538720539,0.0505050505050505,0.00673400673400673,0.0707070707070707,0.037037037037037,0.0740740740740741,0.0168350168350168,0.0942760942760943,0.0976430976430976,0.0606060606060606,0.0235690235690236,0.00336700336700337,0.0471380471380471,0.037037037037037,0.0707070707070707,0.0134680134680135,0.0235690235690236,0.0673400673400673
"seq8078",0.0934959349593496,0.0487804878048781,0.0447154471544715,0.0650406504065041,0.0121951219512195,0.040650406504065,0.040650406504065,0.113821138211382,0.00813008130081301,0.0650406504065041,0.0569105691056911,0.0569105691056911,0.0284552845528455,0.040650406504065,0.0203252032520325,0.0609756097560976,0.0772357723577236,0.0203252032520325,0.0121951219512195,0.0934959349593496
"seq8079",0.0263157894736842,0.0263157894736842,0.157894736842105,0,0,0.0526315789473684,0.0526315789473684,0.0263157894736842,0,0.0263157894736842,0.184210526315789,0,0.0263157894736842,0.105263157894737,0.0263157894736842,0.0789473684210526,0.0526315789473684,0.0263157894736842,0.0526315789473684,0.0789473684210526
"seq8080",0.0537974683544304,0.0348101265822785,0.0253164556962025,0.0632911392405063,0.0221518987341772,0.0886075949367089,0.0189873417721519,0.0886075949367089,0.0284810126582278,0.0727848101265823,0.0759493670886076,0.0727848101265823,0.0126582278481013,0.0379746835443038,0.0474683544303797,0.0632911392405063,0.0727848101265823,0.0189873417721519,0.0474683544303797,0.0537974683544304
"seq8081",0.135678391959799,0.0301507537688442,0.0201005025125628,0.050251256281407,0.0201005025125628,0.0753768844221105,0.050251256281407,0.085427135678392,0.0251256281407035,0.0251256281407035,0.0804020100502513,0.0653266331658292,0.0552763819095477,0.0402010050251256,0.0452261306532663,0.0653266331658292,0.0552763819095477,0.0050251256281407,0.0402010050251256,0.0301507537688442
"seq8082",0.079136690647482,0.0431654676258993,0.0431654676258993,0.0647482014388489,0.0143884892086331,0.0647482014388489,0.0359712230215827,0.0863309352517986,0.0287769784172662,0.0575539568345324,0.0575539568345324,0.0287769784172662,0.0359712230215827,0.0503597122302158,0.0359712230215827,0.079136690647482,0.0863309352517986,0.0215827338129496,0.0143884892086331,0.0719424460431655
"seq8083",0.125766871165644,0.0950920245398773,0.00613496932515337,0.0552147239263804,0,0.0828220858895705,0.0306748466257669,0.0828220858895705,0.0214723926380368,0.0398773006134969,0.104294478527607,0.0306748466257669,0.0337423312883436,0.0122699386503067,0.0337423312883436,0.0429447852760736,0.0674846625766871,0.0122699386503067,0.00613496932515337,0.116564417177914
"seq8084",0.0793650793650794,0.0634920634920635,0.0412698412698413,0.073015873015873,0.0158730158730159,0.073015873015873,0.046031746031746,0.0761904761904762,0.0222222222222222,0.0428571428571429,0.106349206349206,0.0555555555555556,0.0238095238095238,0.0285714285714286,0.0396825396825397,0.046031746031746,0.0476190476190476,0.0126984126984127,0.0238095238095238,0.0825396825396825
"seq8085",0.1,0.0375,0.0425,0.0525,0.0025,0.0475,0.0425,0.0925,0.01,0.0425,0.095,0.065,0.03,0.0575,0.035,0.0625,0.0725,0.02,0.02,0.0725
"seq8086",0.0547169811320755,0.0509433962264151,0.0509433962264151,0.0622641509433962,0.00377358490566038,0.122641509433962,0.0566037735849057,0.0584905660377358,0.0188679245283019,0.0320754716981132,0.0415094339622641,0.158490566037736,0.0207547169811321,0.0245283018867925,0.0509433962264151,0.0660377358490566,0.0641509433962264,0.00377358490566038,0.00754716981132075,0.0509433962264151
"seq8087",0.0716417910447761,0.107462686567164,0.0194029850746269,0.0373134328358209,0.00597014925373134,0.135820895522388,0.0134328358208955,0.0761194029850746,0.017910447761194,0.0253731343283582,0.138805970149254,0.0552238805970149,0.0104477611940299,0.0343283582089552,0.0507462686567164,0.0358208955223881,0.0402985074626866,0.00746268656716418,0.0328358208955224,0.0835820895522388
"seq8088",0.0912408759124088,0.062043795620438,0.0182481751824818,0.0328467153284672,0.0072992700729927,0.0839416058394161,0.0510948905109489,0.0547445255474453,0.0218978102189781,0.0985401459854015,0.113138686131387,0.0583941605839416,0.0255474452554745,0.0218978102189781,0.0218978102189781,0.0802919708029197,0.0401459854014599,0.0182481751824818,0.0328467153284672,0.0656934306569343
"seq8089",0.127272727272727,0.0636363636363636,0.0363636363636364,0.0727272727272727,0.0212121212121212,0.0606060606060606,0.0363636363636364,0.0939393939393939,0.0121212121212121,0.0636363636363636,0.0787878787878788,0.0333333333333333,0.0303030303030303,0.0393939393939394,0.0272727272727273,0.0484848484848485,0.0515151515151515,0.00303030303030303,0.0363636363636364,0.0636363636363636
"seq8090",0.0487394957983193,0.0470588235294118,0.0403361344537815,0.0605042016806723,0.0117647058823529,0.0890756302521008,0.0369747899159664,0.080672268907563,0.0218487394957983,0.0487394957983193,0.110924369747899,0.0588235294117647,0.0252100840336134,0.0554621848739496,0.0504201680672269,0.0436974789915966,0.0487394957983193,0.0235294117647059,0.0571428571428571,0.0403361344537815
"seq8091",0.178294573643411,0.0697674418604651,0.0155038759689922,0.062015503875969,0.0310077519379845,0.0387596899224806,0.0310077519379845,0.10077519379845,0.00775193798449612,0.0310077519379845,0.0930232558139535,0.0310077519379845,0.00775193798449612,0.0232558139534884,0.0697674418604651,0.0542635658914729,0.10077519379845,0.0155038759689922,0.00775193798449612,0.0310077519379845
"seq8092",0.0866807610993657,0.0570824524312896,0.0232558139534884,0.0591966173361522,0,0.0866807610993657,0.0443974630021142,0.0909090909090909,0.025369978858351,0.0718816067653277,0.0845665961945032,0.0422832980972516,0.0295983086680761,0.0359408033826638,0.0486257928118393,0.0359408033826638,0.0613107822410148,0,0.025369978858351,0.0909090909090909
"seq8093",0.103626943005181,0.0932642487046632,0.0466321243523316,0.0310880829015544,0.0362694300518135,0.0414507772020725,0.0362694300518135,0.0880829015544041,0.0362694300518135,0.0414507772020725,0.0984455958549223,0.0103626943005181,0.0155440414507772,0.0103626943005181,0.0621761658031088,0.0621761658031088,0.0362694300518135,0.0310880829015544,0.0414507772020725,0.077720207253886
"seq8094",0.124497991967871,0.0441767068273092,0.00401606425702811,0.0602409638554217,0.0120481927710843,0.0602409638554217,0.0200803212851406,0.0763052208835341,0.0522088353413655,0.0522088353413655,0.100401606425703,0.0240963855421687,0.036144578313253,0.036144578313253,0.0441767068273092,0.0522088353413655,0.104417670682731,0.0120481927710843,0.0120481927710843,0.072289156626506
"seq8095",0.119246861924686,0.0439330543933054,0.0397489539748954,0.0627615062761506,0.0209205020920502,0.0690376569037657,0.0543933054393305,0.0564853556485356,0.0376569037656904,0.0543933054393305,0.0585774058577406,0.0836820083682008,0.0271966527196653,0.0397489539748954,0.0543933054393305,0.0376569037656904,0.0543933054393305,0.0209205020920502,0.0230125523012552,0.0418410041841004
"seq8096",0.0766666666666667,0.038,0.0486666666666667,0.05,0.0133333333333333,0.0646666666666667,0.0326666666666667,0.074,0.0193333333333333,0.066,0.0873333333333333,0.0693333333333333,0.0266666666666667,0.0413333333333333,0.0473333333333333,0.0673333333333333,0.0606666666666667,0.01,0.0253333333333333,0.0813333333333333
"seq8097",0.130630630630631,0.0540540540540541,0.027027027027027,0.0585585585585586,0.0045045045045045,0.0810810810810811,0.045045045045045,0.0990990990990991,0.00900900900900901,0.0900900900900901,0.0495495495495495,0.0630630630630631,0.0315315315315315,0.0225225225225225,0.0315315315315315,0.0495495495495495,0.0540540540540541,0,0.0225225225225225,0.0765765765765766
"seq8098",0.172727272727273,0.0545454545454545,0.00454545454545455,0.0545454545454545,0.00454545454545455,0.0772727272727273,0.00909090909090909,0.118181818181818,0.0272727272727273,0.0181818181818182,0.122727272727273,0.0181818181818182,0.0272727272727273,0.0545454545454545,0.0863636363636364,0.0363636363636364,0.0409090909090909,0.00909090909090909,0.00909090909090909,0.0545454545454545
"seq8099",0.11139896373057,0.0595854922279793,0.038860103626943,0.0544041450777202,0.0129533678756477,0.0544041450777202,0.0362694300518135,0.0906735751295337,0.0284974093264249,0.0362694300518135,0.129533678756477,0.0336787564766839,0.0155440414507772,0.0310880829015544,0.0440414507772021,0.0569948186528497,0.0544041450777202,0.00518134715025907,0.0259067357512953,0.0803108808290155
"seq8100",0.118110236220472,0.118110236220472,0.0196850393700787,0.062992125984252,0.0118110236220472,0.0748031496062992,0.0196850393700787,0.0669291338582677,0.0295275590551181,0.0275590551181102,0.114173228346457,0.015748031496063,0.0354330708661417,0.0413385826771654,0.0669291338582677,0.0354330708661417,0.0374015748031496,0.0255905511811024,0.0295275590551181,0.0492125984251969
"seq8101",0.101190476190476,0.0297619047619048,0.0595238095238095,0.0505952380952381,0.00297619047619048,0.056547619047619,0.0625,0.0416666666666667,0.00892857142857143,0.0476190476190476,0.0922619047619048,0.0892857142857143,0.0267857142857143,0.056547619047619,0.0386904761904762,0.0744047619047619,0.0446428571428571,0.0148809523809524,0.0238095238095238,0.0773809523809524
"seq8102",0.0756972111553785,0.0956175298804781,0.051792828685259,0.0398406374501992,0.0318725099601594,0.0239043824701195,0.0557768924302789,0.115537848605578,0.0119521912350598,0.0278884462151394,0.111553784860558,0.00398406374501992,0.0159362549800797,0.047808764940239,0.0637450199203187,0.0796812749003984,0.0597609561752988,0.00796812749003984,0.00796812749003984,0.0717131474103586
"seq8103",0.0664451827242525,0.0664451827242525,0.026578073089701,0.0664451827242525,0.0199335548172757,0.0830564784053156,0.0299003322259136,0.053156146179402,0.026578073089701,0.0465116279069767,0.079734219269103,0.053156146179402,0.0365448504983389,0.0598006644518272,0.0498338870431894,0.053156146179402,0.0730897009966777,0.00996677740863787,0.0431893687707641,0.0564784053156146
"seq8104",0.153846153846154,0.0256410256410256,0.0512820512820513,0.0598290598290598,0.0170940170940171,0.0769230769230769,0.00854700854700855,0.0512820512820513,0.0427350427350427,0.0341880341880342,0.0854700854700855,0.11965811965812,0.0170940170940171,0.0256410256410256,0.0256410256410256,0.0854700854700855,0.0341880341880342,0.00854700854700855,0.0256410256410256,0.0512820512820513
"seq8105",0.104895104895105,0.0233100233100233,0.0233100233100233,0.0233100233100233,0.00932400932400932,0.027972027972028,0.0116550116550117,0.102564102564103,0.013986013986014,0.10955710955711,0.144522144522145,0.0326340326340326,0.0256410256410256,0.0512820512820513,0.0512820512820513,0.0536130536130536,0.0606060606060606,0.00932400932400932,0.020979020979021,0.1002331002331
"seq8106",0.11864406779661,0.0783898305084746,0.0211864406779661,0.0783898305084746,0.00847457627118644,0.0593220338983051,0.0211864406779661,0.076271186440678,0.0190677966101695,0.0466101694915254,0.0889830508474576,0.0360169491525424,0.0317796610169492,0.0169491525423729,0.0466101694915254,0.048728813559322,0.0614406779661017,0.00635593220338983,0.0127118644067797,0.122881355932203
"seq8107",0.147368421052632,0.0815789473684211,0.0184210526315789,0.0631578947368421,0.0157894736842105,0.0526315789473684,0.0447368421052632,0.0921052631578947,0.0394736842105263,0.0315789473684211,0.107894736842105,0.0105263157894737,0.0184210526315789,0.0447368421052632,0.0657894736842105,0.0526315789473684,0.0184210526315789,0.00789473684210526,0.0236842105263158,0.0631578947368421
