"","A","R","N","D","C","E","Q","G","H","I","L","K","M","F","P","S","T","W","Y","V"
"seq3001",0.0766355140186916,0.0504672897196262,0.0485981308411215,0.0579439252336449,0.00934579439252336,0.0579439252336449,0.0523364485981308,0.104672897196262,0.0261682242990654,0.0411214953271028,0.0766355140186916,0.0411214953271028,0.0336448598130841,0.0429906542056075,0.0654205607476635,0.0411214953271028,0.0392523364485981,0.0186915887850467,0.0467289719626168,0.0691588785046729
"seq3002",0.0889132821075741,0.0450054884742042,0.0208562019758507,0.0406147091108672,0.0296377607025247,0.0603732162458836,0.0757409440175631,0.0998902305159166,0.0208562019758507,0.0252469813391877,0.0933040614709111,0.0439077936333699,0.0241492864983535,0.0307354555433589,0.0823271130625686,0.0889132821075741,0.0406147091108672,0.00878155872667398,0.0362239297475302,0.0439077936333699
"seq3003",0.0810810810810811,0.045045045045045,0.045045045045045,0.0540540540540541,0.108108108108108,0.036036036036036,0.027027027027027,0.0720720720720721,0,0.027027027027027,0.108108108108108,0.045045045045045,0.00900900900900901,0.00900900900900901,0.045045045045045,0.117117117117117,0.0720720720720721,0,0.027027027027027,0.0720720720720721
"seq3004",0.0764959901295497,0.0499691548426897,0.0314620604565083,0.040098704503393,0.0246761258482418,0.067242442936459,0.0512029611351018,0.0573719925971622,0.0203578038247995,0.0573719925971622,0.144355336212215,0.053670573719926,0.0166563849475632,0.040098704503393,0.0413325107958051,0.0789636027143738,0.040715607649599,0.0215916101172116,0.0215916101172116,0.0647748303516348
"seq3005",0.0459183673469388,0.0637755102040816,0.038265306122449,0.0510204081632653,0.0204081632653061,0.0637755102040816,0.038265306122449,0.048469387755102,0.0255102040816327,0.0459183673469388,0.0943877551020408,0.0714285714285714,0.0280612244897959,0.0535714285714286,0.0586734693877551,0.0714285714285714,0.0357142857142857,0.038265306122449,0.0459183673469388,0.0612244897959184
"seq3006",0.0813953488372093,0.0581395348837209,0.0465116279069767,0.0465116279069767,0,0.0930232558139535,0.0523255813953488,0.0872093023255814,0.0174418604651163,0.0930232558139535,0.133720930232558,0.0465116279069767,0.0174418604651163,0.0406976744186047,0.00581395348837209,0.0465116279069767,0.0406976744186047,0.0116279069767442,0.0290697674418605,0.0523255813953488
"seq3007",0.0827956989247312,0.0731182795698925,0.0301075268817204,0.0559139784946237,0.00645161290322581,0.0913978494623656,0.0741935483870968,0.0849462365591398,0.021505376344086,0.0311827956989247,0.067741935483871,0.0537634408602151,0.0193548387096774,0.0161290322580645,0.056989247311828,0.101075268817204,0.0505376344086022,0.00860215053763441,0.0462365591397849,0.0279569892473118
"seq3008",0.0682302771855011,0.0405117270788913,0.0277185501066098,0.0554371002132196,0.023454157782516,0.0852878464818763,0.0852878464818763,0.070362473347548,0.0298507462686567,0.0319829424307036,0.11727078891258,0.0341151385927505,0.0149253731343284,0.0277185501066098,0.0810234541577825,0.0639658848614073,0.0597014925373134,0.0106609808102345,0.0191897654584222,0.0533049040511727
"seq3009",0.0666666666666667,0.0466666666666667,0.0533333333333333,0.0666666666666667,0,0.0866666666666667,0.0266666666666667,0.0533333333333333,0.00666666666666667,0.0466666666666667,0.0866666666666667,0.0733333333333333,0.02,0.04,0.06,0.0533333333333333,0.0466666666666667,0.00666666666666667,0.0733333333333333,0.0866666666666667
"seq3010",0.0814249363867685,0.0585241730279898,0.0203562340966921,0.0585241730279898,0.0178117048346056,0.0458015267175573,0.0381679389312977,0.0966921119592875,0.0305343511450382,0.0458015267175573,0.106870229007634,0.0483460559796438,0.0356234096692112,0.0229007633587786,0.0508905852417303,0.0508905852417303,0.0585241730279898,0.0127226463104326,0.0356234096692112,0.083969465648855
"seq3011",0.0945273631840796,0.0597014925373134,0.0447761194029851,0.0646766169154229,0.00995024875621891,0.054726368159204,0.0348258706467662,0.054726368159204,0.0248756218905473,0.0597014925373134,0.124378109452736,0.054726368159204,0.0298507462686567,0.0398009950248756,0.0398009950248756,0.0497512437810945,0.0398009950248756,0,0.0696517412935323,0.0497512437810945
"seq3012",0.0556745182012848,0.0535331905781585,0.0364025695931477,0.0578158458244111,0.0171306209850107,0.0813704496788009,0.0342612419700214,0.0578158458244111,0.0299785867237687,0.0642398286937901,0.11134903640257,0.0556745182012848,0.0321199143468951,0.0278372591006424,0.0599571734475375,0.0792291220556745,0.0406852248394004,0.0107066381156317,0.0406852248394004,0.0535331905781585
"seq3013",0.104693140794224,0.075812274368231,0.0180505415162455,0.0649819494584837,0.0180505415162455,0.075812274368231,0.0794223826714801,0.0649819494584837,0.0324909747292419,0.0649819494584837,0.11913357400722,0.0036101083032491,0.0144404332129964,0.0324909747292419,0.0505415162454874,0.0469314079422383,0.0469314079422383,0.0144404332129964,0.0216606498194946,0.0505415162454874
"seq3014",0.0955710955710956,0.0303030303030303,0.034965034965035,0.0559440559440559,0.0116550116550117,0.102564102564103,0.0256410256410256,0.0675990675990676,0.0396270396270396,0.0699300699300699,0.0792540792540792,0.0839160839160839,0.027972027972028,0.0512820512820513,0.041958041958042,0.0536130536130536,0.0303030303030303,0.00699300699300699,0.0326340326340326,0.0582750582750583
"seq3015",0.0785498489425982,0.0513595166163142,0.0362537764350453,0.0634441087613293,0.00302114803625378,0.0906344410876133,0.0392749244712991,0.0725075528700906,0.0151057401812689,0.081570996978852,0.0906344410876133,0.0604229607250755,0.0211480362537764,0.027190332326284,0.0483383685800604,0.0422960725075529,0.0785498489425982,0.0211480362537764,0.0362537764350453,0.0422960725075529
"seq3016",0.0262237762237762,0.0402097902097902,0.0751748251748252,0.0559440559440559,0.0244755244755245,0.034965034965035,0.034965034965035,0.0594405594405594,0.027972027972028,0.106643356643357,0.0839160839160839,0.0524475524475524,0.0192307692307692,0.020979020979021,0.0506993006993007,0.0926573426573427,0.0804195804195804,0.0174825174825175,0.0402097902097902,0.0559440559440559
"seq3017",0.0721868365180467,0.0360934182590234,0.0743099787685775,0.0785562632696391,0.0212314225053079,0.0360934182590234,0.029723991507431,0.0976645435244161,0.0148619957537155,0.0488322717622081,0.0806794055201698,0.0403397027600849,0.0276008492569002,0.0445859872611465,0.0339702760084926,0.0912951167728238,0.0509554140127389,0.0254777070063694,0.0530785562632696,0.0424628450106157
"seq3018",0.103004291845494,0.0214592274678112,0.0643776824034335,0.0472103004291846,0.00429184549356223,0.0472103004291846,0.055793991416309,0.0858369098712446,0.0257510729613734,0.0472103004291846,0.0987124463519313,0.0815450643776824,0.00858369098712446,0.0472103004291846,0.0386266094420601,0.0429184549356223,0.0686695278969957,0.0257510729613734,0.0343347639484979,0.0515021459227468
"seq3019",0.1796875,0.03125,0.0078125,0.0546875,0.0078125,0.046875,0.03125,0.09375,0.0078125,0.0390625,0.03125,0.0859375,0.0625,0.046875,0.046875,0.0859375,0.0625,0,0.0078125,0.0703125
"seq3020",0.109704641350211,0.0548523206751055,0.0337552742616034,0.0759493670886076,0.00843881856540084,0.0421940928270042,0.0506329113924051,0.0632911392405063,0.0253164556962025,0.0464135021097046,0.126582278481013,0.00421940928270042,0.0253164556962025,0.029535864978903,0.0506329113924051,0.0464135021097046,0.0843881856540084,0.00843881856540084,0.0421940928270042,0.0717299578059072
"seq3021",0.0753012048192771,0.0481927710843374,0.0301204819277108,0.0662650602409639,0.0180722891566265,0.0512048192771084,0.0180722891566265,0.0662650602409639,0.0180722891566265,0.0572289156626506,0.102409638554217,0.0572289156626506,0.0421686746987952,0.036144578313253,0.0602409638554217,0.0692771084337349,0.0632530120481928,0.0120481927710843,0.0421686746987952,0.0662650602409639
"seq3022",0.0552147239263804,0.0245398773006135,0.049079754601227,0.0306748466257669,0.0460122699386503,0.0582822085889571,0.0398773006134969,0.0552147239263804,0.0153374233128834,0.0797546012269939,0.0828220858895705,0.0460122699386503,0.00920245398773006,0.0245398773006135,0.0552147239263804,0.104294478527607,0.104294478527607,0.0184049079754601,0.0276073619631902,0.0736196319018405
"seq3023",0.168604651162791,0.063953488372093,0.0406976744186047,0.0581395348837209,0.0232558139534884,0.0465116279069767,0.0290697674418605,0.063953488372093,0,0.0523255813953488,0.0813953488372093,0.0232558139534884,0.0348837209302326,0.0290697674418605,0.0290697674418605,0.0930232558139535,0.0581395348837209,0,0.0290697674418605,0.0755813953488372
"seq3024",0.0652866242038217,0.0429936305732484,0.035031847133758,0.054140127388535,0.0318471337579618,0.0605095541401274,0.0414012738853503,0.0668789808917197,0.0254777070063694,0.0477707006369427,0.0700636942675159,0.0764331210191083,0.0238853503184713,0.0445859872611465,0.0573248407643312,0.089171974522293,0.0477707006369427,0.0222929936305732,0.035031847133758,0.0621019108280255
"seq3025",0.0566801619433198,0.048582995951417,0.0647773279352227,0.0931174089068826,0.00809716599190283,0.0566801619433198,0.0445344129554656,0.0364372469635627,0.0283400809716599,0.097165991902834,0.0931174089068826,0.0809716599190283,0.0364372469635627,0.0364372469635627,0.0283400809716599,0.0404858299595142,0.0404858299595142,0.00404858299595142,0.0242914979757085,0.0809716599190283
"seq3026",0.0973782771535581,0.0674157303370786,0.0374531835205993,0.0786516853932584,0.0112359550561798,0.0561797752808989,0.0374531835205993,0.0711610486891386,0.0262172284644195,0.0823970037453183,0.0861423220973783,0.0411985018726592,0.0187265917602996,0.0374531835205993,0.0561797752808989,0.0411985018726592,0.048689138576779,0.0112359550561798,0.0299625468164794,0.0636704119850187
"seq3027",0.134939759036145,0.0457831325301205,0.0481927710843374,0.0385542168674699,0.00240963855421687,0.0746987951807229,0.036144578313253,0.0819277108433735,0.0289156626506024,0.0578313253012048,0.0674698795180723,0.0578313253012048,0.0289156626506024,0.036144578313253,0.0530120481927711,0.0457831325301205,0.0433734939759036,0.00240963855421687,0.0337349397590361,0.0819277108433735
"seq3028",0.0550847457627119,0.0550847457627119,0.038135593220339,0.0889830508474576,0.00847457627118644,0.0508474576271186,0.038135593220339,0.0550847457627119,0.0296610169491525,0.0211864406779661,0.11864406779661,0.0508474576271186,0.0127118644067797,0.076271186440678,0.0635593220338983,0.105932203389831,0.0211864406779661,0.0296610169491525,0.038135593220339,0.0423728813559322
"seq3029",0.0873362445414847,0.037117903930131,0.0283842794759825,0.0698689956331878,0.0109170305676856,0.074235807860262,0.0436681222707424,0.0960698689956332,0.0218340611353712,0.0611353711790393,0.0829694323144105,0.0589519650655022,0.0349344978165939,0.0349344978165939,0.0458515283842795,0.0524017467248908,0.0458515283842795,0.00655021834061135,0.0174672489082969,0.0895196506550218
"seq3030",0.0966386554621849,0.0945378151260504,0.0105042016806723,0.0546218487394958,0.00210084033613445,0.0903361344537815,0.0441176470588235,0.107142857142857,0.0336134453781513,0.0210084033613445,0.115546218487395,0.0147058823529412,0.0252100840336134,0.0294117647058824,0.0399159663865546,0.0315126050420168,0.0588235294117647,0.0147058823529412,0.0147058823529412,0.100840336134454
"seq3031",0.0539419087136929,0.0553250345781466,0.04149377593361,0.0525587828492393,0.0221300138312586,0.0982019363762102,0.0401106500691563,0.0719225449515906,0.0262793914246196,0.0608575380359613,0.0816044260027663,0.0843706777316736,0.0235131396957123,0.0525587828492393,0.0428769017980636,0.0511756569847856,0.0401106500691563,0.0179806362378976,0.0359612724757953,0.0470262793914246
"seq3032",0.0942982456140351,0.0789473684210526,0.0263157894736842,0.0526315789473684,0.0285087719298246,0.0679824561403509,0.0614035087719298,0.0504385964912281,0.0197368421052632,0.0153508771929825,0.0855263157894737,0.0899122807017544,0.0087719298245614,0.0394736842105263,0.0855263157894737,0.0855263157894737,0.0328947368421053,0.0087719298245614,0.0087719298245614,0.0592105263157895
"seq3033",0.0651558073654391,0.0509915014164306,0.056657223796034,0.0623229461756374,0.0141643059490085,0.0594900849858357,0.0368271954674221,0.0509915014164306,0.0169971671388102,0.0708215297450425,0.107648725212465,0.0821529745042493,0.0169971671388102,0.0368271954674221,0.0368271954674221,0.0764872521246459,0.0623229461756374,0.0084985835694051,0.0311614730878187,0.056657223796034
"seq3034",0.0769230769230769,0.0526315789473684,0.0465587044534413,0.0607287449392713,0.0242914979757085,0.0668016194331984,0.0303643724696356,0.0607287449392713,0.0161943319838057,0.0829959514170041,0.0708502024291498,0.0728744939271255,0.0161943319838057,0.0384615384615385,0.048582995951417,0.0668016194331984,0.0506072874493927,0.0101214574898785,0.0303643724696356,0.0769230769230769
"seq3035",0.080952380952381,0.0571428571428571,0.0285714285714286,0.0476190476190476,0.00476190476190476,0.0904761904761905,0.0333333333333333,0.0714285714285714,0.0380952380952381,0.0714285714285714,0.1,0.0380952380952381,0.0380952380952381,0.0428571428571429,0.0571428571428571,0.0333333333333333,0.0476190476190476,0.019047619047619,0.0476190476190476,0.0523809523809524
"seq3036",0.116161616161616,0.0555555555555556,0.0580808080808081,0.0505050505050505,0.0126262626262626,0.0681818181818182,0.0404040404040404,0.0757575757575758,0.0151515151515152,0.0429292929292929,0.095959595959596,0.0454545454545455,0.0202020202020202,0.0505050505050505,0.0378787878787879,0.053030303030303,0.0555555555555556,0.0126262626262626,0.0277777777777778,0.0656565656565657
"seq3037",0.108303249097473,0.0397111913357401,0.0288808664259928,0.0722021660649819,0.0180505415162455,0.0433212996389892,0.0324909747292419,0.0938628158844765,0.036101083032491,0.0685920577617329,0.075812274368231,0.036101083032491,0.0469314079422383,0.0469314079422383,0.0505415162454874,0.0433212996389892,0.0541516245487365,0.0072202166064982,0.036101083032491,0.0613718411552347
"seq3038",0.197538461538462,0.0190769230769231,0.0116923076923077,0.016,0,0.0326153846153846,0.0116923076923077,0.0178461538461538,0.00430769230769231,0.0178461538461538,0.0276923076923077,0.0184615384615385,0.00184615384615385,0.00984615384615385,0.0104615384615385,0.390769230769231,0.129230769230769,0.00184615384615385,0.00553846153846154,0.0756923076923077
"seq3039",0.2021484375,0.0110677083333333,0.015625,0.00944010416666667,0,0.0680338541666667,0.0100911458333333,0.0149739583333333,0.001953125,0.0110677083333333,0.0185546875,0.0133463541666667,0.00227864583333333,0.00520833333333333,0.00390625,0.422526041666667,0.0979817708333333,0.001953125,0.005859375,0.083984375
"seq3040",0.0638888888888889,0.0194444444444444,0.0972222222222222,0.0666666666666667,0.025,0.0555555555555556,0.0305555555555556,0.0444444444444444,0.0333333333333333,0.108333333333333,0.1,0.113888888888889,0.0111111111111111,0.0444444444444444,0.0333333333333333,0.025,0.0361111111111111,0.00833333333333333,0.0472222222222222,0.0361111111111111
"seq3041",0.0817843866171004,0.0539033457249071,0.0464684014869888,0.0390334572490706,0.0111524163568773,0.0669144981412639,0.0353159851301115,0.0687732342007435,0.0148698884758364,0.0669144981412639,0.087360594795539,0.0650557620817844,0.016728624535316,0.0557620817843866,0.0408921933085502,0.0706319702602231,0.0687732342007435,0.0148698884758364,0.0204460966542751,0.0743494423791822
"seq3042",0.100649350649351,0.0681818181818182,0.0227272727272727,0.0487012987012987,0.00649350649350649,0.113636363636364,0.00649350649350649,0.0714285714285714,0.00649350649350649,0.0616883116883117,0.0909090909090909,0.051948051948052,0.0324675324675325,0.0551948051948052,0.025974025974026,0.0714285714285714,0.038961038961039,0.00974025974025974,0.0357142857142857,0.0811688311688312
"seq3043",0.0787037037037037,0.0347222222222222,0.0416666666666667,0.0439814814814815,0.0138888888888889,0.0717592592592593,0.0300925925925926,0.0509259259259259,0.0185185185185185,0.0763888888888889,0.0601851851851852,0.0856481481481482,0.0486111111111111,0.0555555555555556,0.0439814814814815,0.0509259259259259,0.0925925925925926,0.0138888888888889,0.0300925925925926,0.0578703703703704
"seq3044",0.100890207715134,0.0267062314540059,0.0415430267062315,0.0148367952522255,0.0207715133531157,0.0237388724035608,0.0178041543026706,0.115727002967359,0.00593471810089021,0.0593471810089021,0.142433234421365,0.0178041543026706,0.0385756676557863,0.0890207715133531,0.0474777448071217,0.0474777448071217,0.0712166172106825,0.0118694362017804,0.0207715133531157,0.086053412462908
"seq3045",0.0793650793650794,0.0515873015873016,0.0595238095238095,0.0555555555555556,0,0.0714285714285714,0.0436507936507936,0.0674603174603175,0.0198412698412698,0.0634920634920635,0.0992063492063492,0.0674603174603175,0.0238095238095238,0.0555555555555556,0.0476190476190476,0.0198412698412698,0.0674603174603175,0.0158730158730159,0.0317460317460317,0.0595238095238095
"seq3046",0.043956043956044,0.0805860805860806,0.0256410256410256,0.021978021978022,0.0622710622710623,0.0549450549450549,0.0769230769230769,0.0842490842490843,0.0695970695970696,0.0293040293040293,0.0622710622710623,0.0732600732600733,0.00732600732600733,0.0476190476190476,0.032967032967033,0.0879120879120879,0.0659340659340659,0.00366300366300366,0.0293040293040293,0.0402930402930403
"seq3047",0.0703883495145631,0.0242718446601942,0.0339805825242718,0.0242718446601942,0.00242718446601942,0.0533980582524272,0.0242718446601942,0.0703883495145631,0.00970873786407767,0.0946601941747573,0.145631067961165,0.0679611650485437,0.0461165048543689,0.0533980582524272,0.0315533980582524,0.0922330097087379,0.0364077669902913,0.00485436893203883,0.0315533980582524,0.0825242718446602
"seq3048",0.081447963800905,0.0256410256410256,0.0316742081447964,0.0301659125188537,0.00603318250377074,0.0301659125188537,0.0196078431372549,0.0935143288084465,0.0301659125188537,0.0935143288084465,0.0920060331825038,0.0301659125188537,0.0497737556561086,0.0874811463046757,0.0422322775263952,0.0407239819004525,0.0603318250377074,0.0392156862745098,0.0301659125188537,0.085972850678733
"seq3049",0.0879864636209814,0.0879864636209814,0.0253807106598985,0.0456852791878173,0.00846023688663283,0.0592216582064298,0.0406091370558376,0.0913705583756345,0.0253807106598985,0.0372250423011844,0.0812182741116751,0.0490693739424704,0.0236886632825719,0.027072758037225,0.106598984771574,0.0812182741116751,0.0372250423011844,0.00676818950930626,0.0135363790186125,0.0642978003384095
"seq3050",0.121442125237192,0.0664136622390892,0.032258064516129,0.0455407969639469,0.00759013282732448,0.0777988614800759,0.0341555977229602,0.130929791271347,0.0265654648956357,0.0189753320683112,0.0759013282732448,0.047438330170778,0.015180265654649,0.0265654648956357,0.0891840607210626,0.0683111954459203,0.0379506641366224,0.00379506641366224,0.00759013282732448,0.0664136622390892
"seq3051",0.0638297872340425,0.0425531914893617,0.0425531914893617,0.0372340425531915,0.0319148936170213,0.074468085106383,0.0425531914893617,0.0691489361702128,0.0319148936170213,0.0478723404255319,0.111702127659574,0.0425531914893617,0.0319148936170213,0.0531914893617021,0.0638297872340425,0.0638297872340425,0.0638297872340425,0.0159574468085106,0.0372340425531915,0.0319148936170213
"seq3052",0.0727650727650728,0.0623700623700624,0.0332640332640333,0.0478170478170478,0.0207900207900208,0.0727650727650728,0.0332640332640333,0.051975051975052,0.0291060291060291,0.0561330561330561,0.0997920997920998,0.0602910602910603,0.0395010395010395,0.051975051975052,0.0644490644490645,0.0478170478170478,0.0457380457380457,0.0103950103950104,0.0249480249480249,0.0748440748440748
"seq3053",0.0967741935483871,0.0667408231368187,0.0578420467185762,0.0689655172413793,0.00444938820912125,0.0333704115684093,0.0478309232480534,0.10567296996663,0.0122358175750834,0.0300333704115684,0.0934371523915462,0.0300333704115684,0.017797552836485,0.0333704115684093,0.0411568409343715,0.0689655172413793,0.0734149054505006,0.014460511679644,0.053392658509455,0.050055617352614
"seq3054",0.114068441064639,0.0494296577946768,0.0494296577946768,0.0836501901140684,0.0152091254752852,0.0570342205323194,0.0342205323193916,0.0418250950570342,0.0228136882129278,0.0798479087452472,0.0874524714828897,0.0570342205323194,0.0532319391634981,0.0190114068441065,0.0570342205323194,0.026615969581749,0.0494296577946768,0.0114068441064639,0.0228136882129278,0.0684410646387833
"seq3055",0.0464547677261614,0.0342298288508557,0.102689486552567,0.0513447432762836,0.00733496332518337,0.112469437652812,0.0293398533007335,0.0171149144254279,0.0146699266503667,0.0317848410757946,0.193154034229829,0.0342298288508557,0.0097799511002445,0.0293398533007335,0.097799511002445,0.0855745721271394,0.0293398533007335,0.00488997555012225,0.0244498777506112,0.0440097799511002
"seq3056",0.11336032388664,0.0445344129554656,0.0242914979757085,0.11336032388664,0.00404858299595142,0.0850202429149798,0.0121457489878543,0.0647773279352227,0.0242914979757085,0.0809716599190283,0.121457489878543,0.0283400809716599,0.0283400809716599,0.0202429149797571,0.0364372469635627,0.0607287449392713,0.048582995951417,0,0.0202429149797571,0.0688259109311741
"seq3057",0.114369501466276,0.0645161290322581,0.0557184750733138,0.0351906158357771,0.0263929618768328,0.0791788856304985,0.0263929618768328,0.0498533724340176,0.0234604105571848,0.032258064516129,0.0879765395894428,0.0557184750733138,0.0146627565982405,0.0381231671554252,0.0498533724340176,0.0557184750733138,0.06158357771261,0.0205278592375367,0.0381231671554252,0.0703812316715543
"seq3058",0.0596491228070175,0.0421052631578947,0.0385964912280702,0.0596491228070175,0.0210526315789474,0.0631578947368421,0.0385964912280702,0.0736842105263158,0.0245614035087719,0.0701754385964912,0.0807017543859649,0.0912280701754386,0.0421052631578947,0.0526315789473684,0.0280701754385965,0.0701754385964912,0.0666666666666667,0,0.0245614035087719,0.0526315789473684
"seq3059",0.0860655737704918,0.0327868852459016,0.069672131147541,0.040983606557377,0.00409836065573771,0.0819672131147541,0.0245901639344262,0.0819672131147541,0.0368852459016393,0.0491803278688525,0.0942622950819672,0.069672131147541,0.040983606557377,0.0532786885245902,0.0491803278688525,0.0450819672131148,0.0532786885245902,0.00819672131147541,0.0245901639344262,0.0532786885245902
"seq3060",0.0657276995305164,0.0328638497652582,0.0892018779342723,0.0328638497652582,0,0.00938967136150235,0.0234741784037559,0.122065727699531,0.00938967136150235,0.0328638497652582,0.0375586854460094,0.0375586854460094,0.0187793427230047,0.0375586854460094,0.028169014084507,0.112676056338028,0.117370892018779,0.0516431924882629,0.0704225352112676,0.0704225352112676
"seq3061",0.0657276995305164,0.0328638497652582,0.0892018779342723,0.0328638497652582,0,0.00938967136150235,0.0234741784037559,0.122065727699531,0.00938967136150235,0.0328638497652582,0.0375586854460094,0.0375586854460094,0.0187793427230047,0.0375586854460094,0.028169014084507,0.107981220657277,0.122065727699531,0.0516431924882629,0.0704225352112676,0.0704225352112676
"seq3062",0.0826771653543307,0.078740157480315,0.0275590551181102,0.047244094488189,0.0196850393700787,0.102362204724409,0.0196850393700787,0.0708661417322835,0.0275590551181102,0.0826771653543307,0.0748031496062992,0.0393700787401575,0.0236220472440945,0.0354330708661417,0.0511811023622047,0.0551181102362205,0.0511811023622047,0.00393700787401575,0.0354330708661417,0.0708661417322835
"seq3063",0.110236220472441,0.0078740157480315,0.0393700787401575,0.0708661417322835,0.062992125984252,0.078740157480315,0.047244094488189,0.0708661417322835,0.078740157480315,0.015748031496063,0.078740157480315,0.047244094488189,0.0236220472440945,0.0393700787401575,0.047244094488189,0.0393700787401575,0.0551181102362205,0.015748031496063,0.0078740157480315,0.062992125984252
"seq3064",0.0714285714285714,0.0451127819548872,0.0413533834586466,0.0601503759398496,0,0.093984962406015,0.0451127819548872,0.093984962406015,0.037593984962406,0.0300751879699248,0.0902255639097744,0.0526315789473684,0.0601503759398496,0.0338345864661654,0.0451127819548872,0.0676691729323308,0.0488721804511278,0.0112781954887218,0.0300751879699248,0.0413533834586466
"seq3065",0.0252365930599369,0.028391167192429,0.0788643533123028,0.0441640378548896,0,0.0788643533123028,0.0347003154574132,0.0315457413249211,0.0189274447949527,0.126182965299685,0.0883280757097792,0.0914826498422713,0.0189274447949527,0.0504731861198738,0.0347003154574132,0.0757097791798107,0.0536277602523659,0,0.0694006309148265,0.0504731861198738
"seq3066",0.0682730923694779,0.0281124497991968,0.0321285140562249,0.0642570281124498,0,0.0843373493975904,0.00803212851405622,0.0481927710843374,0.00803212851405622,0.0963855421686747,0.072289156626506,0.100401606425703,0.036144578313253,0.0481927710843374,0.0321285140562249,0.108433734939759,0.0642570281124498,0.00401606425702811,0.0200803212851406,0.0763052208835341
"seq3067",0.0747028862478778,0.0135823429541596,0.0899830220713073,0.0713073005093379,0.0101867572156197,0.0169779286926995,0.0288624787775891,0.0780984719864177,0.0220713073005093,0.0475382003395586,0.0475382003395586,0.0526315789473684,0.0169779286926995,0.0475382003395586,0.0424448217317487,0.0814940577249576,0.0899830220713073,0.0237691001697793,0.0764006791171477,0.067911714770798
"seq3068",0.0828729281767956,0.0276243093922652,0.0662983425414365,0.0635359116022099,0.00552486187845304,0.0414364640883978,0.0386740331491713,0.0662983425414365,0.0276243093922652,0.0635359116022099,0.0883977900552486,0.0580110497237569,0.0193370165745856,0.0441988950276243,0.0441988950276243,0.074585635359116,0.0607734806629834,0.0303867403314917,0.0552486187845304,0.0414364640883978
"seq3069",0.0828729281767956,0.0303867403314917,0.0662983425414365,0.0635359116022099,0.00552486187845304,0.0414364640883978,0.0386740331491713,0.0635359116022099,0.0276243093922652,0.0607734806629834,0.0911602209944751,0.0552486187845304,0.0193370165745856,0.0441988950276243,0.0469613259668508,0.0773480662983425,0.0607734806629834,0.0303867403314917,0.0552486187845304,0.0386740331491713
"seq3070",0.03515625,0.04296875,0.08984375,0.046875,0.00390625,0.0859375,0.03125,0.05078125,0.01953125,0.11328125,0.08203125,0.09375,0.02734375,0.046875,0.03515625,0.05859375,0.0546875,0.015625,0.0390625,0.02734375
"seq3071",0.0760869565217391,0.0181159420289855,0.0543478260869565,0.0507246376811594,0.0036231884057971,0.0905797101449275,0.0253623188405797,0.0978260869565217,0.0072463768115942,0.0978260869565217,0.0507246376811594,0.0905797101449275,0.0181159420289855,0.0326086956521739,0.0217391304347826,0.101449275362319,0.0471014492753623,0.0036231884057971,0.0217391304347826,0.0905797101449275
"seq3072",0.0568862275449102,0.0269461077844311,0.0538922155688623,0.0658682634730539,0.0209580838323353,0.0748502994011976,0.0209580838323353,0.0658682634730539,0.00898203592814371,0.0688622754491018,0.0778443113772455,0.101796407185629,0.0209580838323353,0.0508982035928144,0.0329341317365269,0.0598802395209581,0.0479041916167665,0.0119760479041916,0.0419161676646707,0.0898203592814371
"seq3073",0.109022556390977,0.0413533834586466,0.0263157894736842,0.0526315789473684,0.0037593984962406,0.0601503759398496,0.0225563909774436,0.0864661654135338,0.0338345864661654,0.0526315789473684,0.101503759398496,0.0225563909774436,0.0075187969924812,0.0263157894736842,0.0526315789473684,0.0902255639097744,0.0601503759398496,0.0112781954887218,0.037593984962406,0.101503759398496
"seq3074",0.109022556390977,0.0413533834586466,0.0263157894736842,0.0526315789473684,0.0037593984962406,0.0601503759398496,0.0225563909774436,0.0864661654135338,0.0338345864661654,0.0488721804511278,0.101503759398496,0.0225563909774436,0.0112781954887218,0.0263157894736842,0.0526315789473684,0.0902255639097744,0.0601503759398496,0.0112781954887218,0.037593984962406,0.101503759398496
"seq3075",0.0214592274678112,0.0472103004291846,0.0343347639484979,0.0300429184549356,0.00429184549356223,0.124463519313305,0.0257510729613734,0.0901287553648069,0,0.0643776824034335,0.150214592274678,0.124463519313305,0.00858369098712446,0.0429184549356223,0.0214592274678112,0.0686695278969957,0.0386266094420601,0.0214592274678112,0.0214592274678112,0.0600858369098712
"seq3076",0.0964749536178108,0.0426716141001855,0.0723562152133581,0.0630797773654917,0.00927643784786642,0.0371057513914657,0.0371057513914657,0.0909090909090909,0.0352504638218924,0.0538033395176252,0.0816326530612245,0.0166975881261596,0.0148423005565863,0.0482374768089054,0.0723562152133581,0.051948051948052,0.0593692022263451,0.0148423005565863,0.0278293135435993,0.0742115027829314
"seq3077",0.0764331210191083,0.0318471337579618,0.0360934182590234,0.0530785562632696,0.0191082802547771,0.0636942675159236,0.0488322717622081,0.0764331210191083,0.0212314225053079,0.0636942675159236,0.104033970276008,0.0636942675159236,0.0318471337579618,0.0276008492569002,0.0679405520169851,0.0679405520169851,0.0360934182590234,0.0212314225053079,0.0424628450106157,0.0467091295116773
"seq3078",0.0723684210526316,0.0263157894736842,0.0657894736842105,0.0657894736842105,0,0.0460526315789474,0.0328947368421053,0.0460526315789474,0,0.0723684210526316,0.0526315789473684,0.131578947368421,0.0197368421052632,0.0855263157894737,0.0131578947368421,0.0723684210526316,0.0657894736842105,0.00657894736842105,0.0328947368421053,0.0921052631578947
"seq3079",0.0830564784053156,0.0132890365448505,0.0697674418604651,0.0996677740863787,0.0132890365448505,0.0631229235880399,0.0299003322259136,0.0598006644518272,0.00664451827242525,0.0332225913621262,0.0631229235880399,0.109634551495017,0.0299003322259136,0.0598006644518272,0.026578073089701,0.0863787375415282,0.0465116279069767,0.0166112956810631,0.026578073089701,0.0631229235880399
"seq3080",0.109004739336493,0.0521327014218009,0.033175355450237,0.0473933649289099,0,0.0473933649289099,0.0947867298578199,0.0521327014218009,0.004739336492891,0.0616113744075829,0.0947867298578199,0.0710900473933649,0.033175355450237,0.023696682464455,0.0568720379146919,0.028436018957346,0.0710900473933649,0.014218009478673,0.0568720379146919,0.0473933649289099
"seq3081",0.113456464379947,0.0316622691292876,0.0448548812664908,0.0343007915567282,0.00527704485488127,0.0369393139841689,0.0633245382585752,0.079155672823219,0.0158311345646438,0.0606860158311346,0.0844327176781003,0.0554089709762533,0.0211081794195251,0.029023746701847,0.0712401055408971,0.0527704485488127,0.0686015831134565,0.0343007915567282,0.0395778364116095,0.0580474934036939
"seq3082",0.0784883720930233,0.0377906976744186,0.0755813953488372,0.0581395348837209,0.0319767441860465,0.0465116279069767,0.0232558139534884,0.0959302325581395,0.0116279069767442,0.0465116279069767,0.0552325581395349,0.0784883720930233,0.00872093023255814,0.0203488372093023,0.0348837209302326,0.0784883720930233,0.0930232558139535,0.0174418604651163,0.0261627906976744,0.0813953488372093
"seq3083",0.0769230769230769,0.0491452991452991,0.0555555555555556,0.0555555555555556,0.0662393162393162,0.0448717948717949,0.0363247863247863,0.0405982905982906,0.0128205128205128,0.0256410256410256,0.106837606837607,0.0641025641025641,0.0235042735042735,0.0363247863247863,0.047008547008547,0.111111111111111,0.0641025641025641,0.00641025641025641,0.0299145299145299,0.047008547008547
"seq3084",0.104651162790698,0.0503875968992248,0.0310077519379845,0.0581395348837209,0.00775193798449612,0.0658914728682171,0.0387596899224806,0.0852713178294574,0.0193798449612403,0.0658914728682171,0.0697674418604651,0.0581395348837209,0.0271317829457364,0.0387596899224806,0.0387596899224806,0.0348837209302326,0.0387596899224806,0.0155038759689922,0.0348837209302326,0.116279069767442
"seq3085",0.0555555555555556,0.0527777777777778,0.0861111111111111,0.0388888888888889,0.0138888888888889,0.0222222222222222,0.0416666666666667,0.0944444444444444,0.00555555555555556,0.0527777777777778,0.0638888888888889,0.0194444444444444,0.00833333333333333,0.0333333333333333,0.0277777777777778,0.0944444444444444,0.125,0.0277777777777778,0.0666666666666667,0.0694444444444444
"seq3086",0.0645933014354067,0.0454545454545455,0.0574162679425837,0.0813397129186603,0.00956937799043062,0.0334928229665072,0.0215311004784689,0.0813397129186603,0.00239234449760766,0.0717703349282297,0.076555023923445,0.0669856459330144,0.00717703349282297,0.0502392344497608,0.0406698564593301,0.0980861244019139,0.062200956937799,0.00717703349282297,0.0406698564593301,0.0813397129186603
"seq3087",0.117533718689788,0.046242774566474,0.0423892100192678,0.0500963391136802,0.0134874759152216,0.0712909441233141,0.0269749518304432,0.0828516377649326,0.0173410404624277,0.0558766859344894,0.0847784200385356,0.0655105973025048,0.0250481695568401,0.0404624277456647,0.0520231213872832,0.0578034682080925,0.0481695568400771,0.0154142581888247,0.0173410404624277,0.069364161849711
"seq3088",0.0653628409675759,0.0524961399897066,0.0463201235203294,0.0622748327328873,0.00874935666495111,0.0643335048893464,0.0365414307771487,0.0509521358723623,0.0216160576428204,0.0602161605764282,0.0838908903757077,0.0339680905815749,0.0149253731343284,0.0349974266598044,0.092125579001544,0.0756562017498713,0.0735975295934122,0.00463201235203294,0.0344827586206897,0.0828615542974781
"seq3089",0.109271523178808,0.0397350993377483,0.0463576158940397,0.0529801324503311,0,0.0794701986754967,0.0132450331125828,0.0927152317880795,0.0298013245033113,0.0463576158940397,0.105960264900662,0.0629139072847682,0.0397350993377483,0.0463576158940397,0.0596026490066225,0.033112582781457,0.0364238410596026,0.00662251655629139,0.043046357615894,0.0562913907284768
"seq3090",0.0634328358208955,0.0485074626865672,0.0522388059701493,0.0559701492537313,0.0111940298507463,0.0559701492537313,0.0335820895522388,0.190298507462687,0.0149253731343284,0.0559701492537313,0.082089552238806,0.0335820895522388,0.0373134328358209,0.0522388059701493,0.0261194029850746,0.0634328358208955,0.0447761194029851,0.0111940298507463,0.0261194029850746,0.041044776119403
"seq3091",0.0639097744360902,0.0451127819548872,0.0488721804511278,0.056390977443609,0.0075187969924812,0.056390977443609,0.0338345864661654,0.191729323308271,0.0150375939849624,0.056390977443609,0.0827067669172932,0.037593984962406,0.037593984962406,0.0526315789473684,0.0263157894736842,0.0639097744360902,0.0413533834586466,0.0112781954887218,0.0263157894736842,0.0451127819548872
"seq3092",0.0277777777777778,0.037037037037037,0.0740740740740741,0.0740740740740741,0,0.101851851851852,0.0740740740740741,0.0462962962962963,0.0185185185185185,0.0648148148148148,0.0648148148148148,0.0833333333333333,0.0277777777777778,0.0648148148148148,0.00925925925925926,0.0648148148148148,0.0648148148148148,0.0185185185185185,0.037037037037037,0.0462962962962963
"seq3093",0.0827956989247312,0.0602150537634409,0.0451612903225806,0.0645161290322581,0.021505376344086,0.0698924731182796,0.0268817204301075,0.0559139784946237,0.0258064516129032,0.0548387096774194,0.0967741935483871,0.0505376344086022,0.0258064516129032,0.0483870967741935,0.0311827956989247,0.0634408602150538,0.0666666666666667,0.0043010752688172,0.0236559139784946,0.0817204301075269
"seq3094",0.072463768115942,0.0579710144927536,0.0797101449275362,0.036231884057971,0,0.0942028985507246,0.0579710144927536,0.0289855072463768,0.0289855072463768,0.0507246376811594,0.130434782608696,0.0217391304347826,0.0217391304347826,0.0289855072463768,0.0434782608695652,0.0869565217391304,0.072463768115942,0.0072463768115942,0.0217391304347826,0.0579710144927536
"seq3095",0.0337078651685393,0.0674157303370786,0.0674157303370786,0.0786516853932584,0.0280898876404494,0.0617977528089888,0.00561797752808989,0.050561797752809,0.0168539325842697,0.0617977528089888,0.0786516853932584,0.0842696629213483,0.0280898876404494,0.0280898876404494,0.0449438202247191,0.0617977528089888,0.0393258426966292,0.00561797752808989,0.0393258426966292,0.117977528089888
"seq3096",0.109826589595376,0.0404624277456647,0.0433526011560694,0.0635838150289017,0.00289017341040462,0.0317919075144509,0.0202312138728324,0.0895953757225433,0.0115606936416185,0.0635838150289017,0.0838150289017341,0.0578034682080925,0.0202312138728324,0.0289017341040462,0.0404624277456647,0.0751445086705202,0.0722543352601156,0,0.0375722543352601,0.106936416184971
"seq3097",0.0828220858895705,0.0398773006134969,0.049079754601227,0.0368098159509202,0.0214723926380368,0.0889570552147239,0.0276073619631902,0.0705521472392638,0.0153374233128834,0.049079754601227,0.110429447852761,0.0552147239263804,0.0245398773006135,0.0521472392638037,0.0552147239263804,0.0705521472392638,0.0398773006134969,0.00613496932515337,0.0306748466257669,0.0736196319018405
"seq3098",0.066042927903137,0.0401761144744084,0.0473307649972482,0.0440286186020914,0.0110071546505228,0.0577875619152449,0.0484314804623005,0.0847550908090259,0.0242157402311502,0.0335718216840947,0.103467253714915,0.0473307649972482,0.0159603742432581,0.0462300495321959,0.062190423775454,0.101816180517336,0.089157952669235,0.0121078701155751,0.0203632361034673,0.0440286186020914
"seq3099",0.0408163265306122,0.0748299319727891,0.0680272108843537,0.0612244897959184,0.0136054421768707,0.0408163265306122,0.0408163265306122,0.115646258503401,0,0.0952380952380952,0.0612244897959184,0.0408163265306122,0.0272108843537415,0.0340136054421769,0.054421768707483,0.0748299319727891,0.054421768707483,0,0.0612244897959184,0.0408163265306122
"seq3100",0.0588235294117647,0.0339366515837104,0.0791855203619909,0.0565610859728507,0.0271493212669683,0.0633484162895928,0.0294117647058824,0.0588235294117647,0.0180995475113122,0.0633484162895928,0.101809954751131,0.0950226244343891,0.0135746606334842,0.0452488687782805,0.0361990950226244,0.0588235294117647,0.0497737556561086,0.00452488687782805,0.0407239819004525,0.0656108597285068
"seq3101",0.0746606334841629,0.0361990950226244,0.0656108597285068,0.0542986425339367,0.0226244343891403,0.0588235294117647,0.0497737556561086,0.0633484162895928,0.0226244343891403,0.0678733031674208,0.085972850678733,0.083710407239819,0.0158371040723982,0.0452488687782805,0.0384615384615385,0.0633484162895928,0.0452488687782805,0.00452488687782805,0.0294117647058824,0.0723981900452489
"seq3102",0.108843537414966,0.0680272108843537,0.0136054421768707,0.054421768707483,0.0204081632653061,0.0476190476190476,0.0408163265306122,0.0884353741496599,0.0204081632653061,0.0408163265306122,0.108843537414966,0.0680272108843537,0.0204081632653061,0.0272108843537415,0.0408163265306122,0.054421768707483,0.0408163265306122,0,0.0136054421768707,0.122448979591837
"seq3103",0.128205128205128,0.108974358974359,0.0448717948717949,0.0576923076923077,0.00641025641025641,0.0641025641025641,0.0192307692307692,0.0833333333333333,0.0256410256410256,0.0192307692307692,0.0769230769230769,0.00641025641025641,0.032051282051282,0.0769230769230769,0.0769230769230769,0.0192307692307692,0.0384615384615385,0.0192307692307692,0.0128205128205128,0.0833333333333333
"seq3104",0.0814814814814815,0.0395061728395062,0.0345679012345679,0.0419753086419753,0.0123456790123457,0.0888888888888889,0.0296296296296296,0.0691358024691358,0.0222222222222222,0.0938271604938272,0.116049382716049,0.0864197530864197,0.0123456790123457,0.0469135802469136,0.0345679012345679,0.0716049382716049,0.0271604938271605,0.00493827160493827,0.0345679012345679,0.0518518518518519
"seq3105",0.0476190476190476,0.0476190476190476,0.0357142857142857,0.0416666666666667,0.0297619047619048,0.0654761904761905,0.0595238095238095,0.0654761904761905,0.0357142857142857,0.0833333333333333,0.0833333333333333,0.0595238095238095,0.0238095238095238,0.0416666666666667,0.0535714285714286,0.0297619047619048,0.0654761904761905,0.0119047619047619,0.0476190476190476,0.0714285714285714
