"","A","R","N","D","C","E","Q","G","H","I","L","K","M","F","P","S","T","W","Y","V"
"seq4501",0.106870229007634,0.0458015267175573,0.0330788804071247,0.0737913486005089,0.0127226463104326,0.0636132315521628,0.0178117048346056,0.0814249363867685,0.0203562340966921,0.0458015267175573,0.0916030534351145,0.0610687022900763,0.0381679389312977,0.0483460559796438,0.0508905852417303,0.0432569974554707,0.0508905852417303,0.00763358778625954,0.0356234096692112,0.0712468193384224
"seq4502",0.046070460704607,0.029810298102981,0.0596205962059621,0.0650406504065041,0.018970189701897,0.0677506775067751,0.035230352303523,0.0758807588075881,0.021680216802168,0.0894308943089431,0.0731707317073171,0.0975609756097561,0.016260162601626,0.0569105691056911,0.032520325203252,0.0731707317073171,0.02710027100271,0.013550135501355,0.037940379403794,0.0623306233062331
"seq4503",0.100877192982456,0.037280701754386,0.0635964912280702,0.0592105263157895,0.00219298245614035,0.0723684210526316,0.0394736842105263,0.0657894736842105,0.0197368421052632,0.0482456140350877,0.0635964912280702,0.0504385964912281,0.037280701754386,0.037280701754386,0.0394736842105263,0.0548245614035088,0.0570175438596491,0.0350877192982456,0.0482456140350877,0.0679824561403509
"seq4504",0.0648148148148148,0.0231481481481481,0.0555555555555556,0.0648148148148148,0.00925925925925926,0.0833333333333333,0.0324074074074074,0.0601851851851852,0.00462962962962963,0.111111111111111,0.101851851851852,0.0972222222222222,0.0185185185185185,0.0509259259259259,0.0277777777777778,0.0833333333333333,0.0324074074074074,0.00925925925925926,0.0416666666666667,0.0277777777777778
"seq4505",0.0801526717557252,0.0343511450381679,0.0610687022900763,0.0597964376590331,0.0203562340966921,0.0648854961832061,0.0267175572519084,0.0763358778625954,0.0139949109414758,0.0610687022900763,0.0801526717557252,0.0788804071246819,0.0305343511450382,0.0292620865139949,0.044529262086514,0.0483460559796438,0.0572519083969466,0.0216284987277354,0.0419847328244275,0.0687022900763359
"seq4506",0.111801242236025,0.0745341614906832,0.031055900621118,0.0434782608695652,0.0559006211180124,0.0683229813664596,0.031055900621118,0.093167701863354,0.0124223602484472,0.0186335403726708,0.130434782608696,0.0559006211180124,0.0248447204968944,0.0124223602484472,0.031055900621118,0.0559006211180124,0.0807453416149068,0,0.0124223602484472,0.0559006211180124
"seq4507",0.0712250712250712,0.0427350427350427,0.084045584045584,0.0555555555555556,0.0156695156695157,0.0284900284900285,0.0256410256410256,0.084045584045584,0.0185185185185185,0.0626780626780627,0.0754985754985755,0.0427350427350427,0.0227920227920228,0.0398860398860399,0.0683760683760684,0.0612535612535613,0.0612535612535613,0.00997150997150997,0.0484330484330484,0.0811965811965812
"seq4508",0.0997067448680352,0.0117302052785924,0.0645161290322581,0.0703812316715543,0.0117302052785924,0.0762463343108504,0.00879765395894428,0.0557184750733138,0.0117302052785924,0.0850439882697947,0.0909090909090909,0.114369501466276,0.0146627565982405,0.0351906158357771,0.0439882697947214,0.0645161290322581,0.0527859237536657,0.0146627565982405,0.0263929618768328,0.0469208211143695
"seq4509",0.058659217877095,0.0223463687150838,0.0642458100558659,0.0698324022346369,0.0139664804469274,0.0837988826815642,0.0251396648044693,0.0614525139664804,0.0167597765363128,0.106145251396648,0.0474860335195531,0.100558659217877,0.0418994413407821,0.0418994413407821,0.0251396648044693,0.0670391061452514,0.058659217877095,0.00279329608938547,0.0335195530726257,0.058659217877095
"seq4510",0.113333333333333,0.018,0.066,0.0626666666666667,0.000666666666666667,0.0833333333333333,0.042,0.0433333333333333,0.006,0.0346666666666667,0.056,0.102666666666667,0.008,0.0246666666666667,0.068,0.0586666666666667,0.092,0.00466666666666667,0.0493333333333333,0.066
"seq4511",0.062780269058296,0.0291479820627803,0.0493273542600897,0.0448430493273543,0.0179372197309417,0.047085201793722,0.0336322869955157,0.0582959641255605,0.0224215246636771,0.0560538116591928,0.109865470852018,0.0582959641255605,0.0112107623318386,0.0605381165919283,0.0672645739910314,0.0919282511210762,0.0403587443946188,0.0134529147982063,0.00896860986547085,0.116591928251121
"seq4512",0.0717703349282297,0.0334928229665072,0.0334928229665072,0.0287081339712919,0.0143540669856459,0.0717703349282297,0.0478468899521531,0.0574162679425837,0.0239234449760766,0.0813397129186603,0.100478468899522,0.0813397129186603,0.0143540669856459,0.0382775119617225,0.0382775119617225,0.0717703349282297,0.0909090909090909,0.0191387559808612,0.0143540669856459,0.0669856459330144
"seq4513",0.078125,0.0572916666666667,0.046875,0.0625,0,0.0833333333333333,0.0260416666666667,0.0729166666666667,0.0104166666666667,0.0416666666666667,0.078125,0.0729166666666667,0.0572916666666667,0.015625,0.0364583333333333,0.0520833333333333,0.0729166666666667,0.00520833333333333,0.015625,0.114583333333333
"seq4514",0.0382902938557435,0.0445235975066785,0.0765805877114871,0.0445235975066785,0.0160284951024043,0.04986642920748,0.0258236865538736,0.0783615316117542,0.0169189670525378,0.0569902048085485,0.161175422974176,0.0463045414069457,0.0133570792520036,0.0365093499554764,0.0489759572573464,0.109528049866429,0.0489759572573464,0.00712377560106857,0.0222617987533393,0.0578806767586821
"seq4515",0.114457831325301,0.0240963855421687,0.0662650602409639,0.0421686746987952,0.0240963855421687,0.0481927710843374,0.0240963855421687,0.0481927710843374,0.0120481927710843,0.0602409638554217,0.126506024096386,0.0843373493975904,0.0240963855421687,0.036144578313253,0.0421686746987952,0.072289156626506,0.0783132530120482,0.00602409638554217,0.0180722891566265,0.0481927710843374
"seq4516",0.0688775510204082,0.0255102040816327,0.0637755102040816,0.0535714285714286,0.0127551020408163,0.086734693877551,0.0178571428571429,0.0561224489795918,0.0153061224489796,0.0841836734693878,0.10969387755102,0.086734693877551,0.0204081632653061,0.0408163265306122,0.0280612244897959,0.0790816326530612,0.0459183673469388,0.00255102040816327,0.0510204081632653,0.0510204081632653
"seq4517",0.154425612052731,0.0772128060263653,0.032015065913371,0.0677966101694915,0.00376647834274953,0.0395480225988701,0.0433145009416196,0.0715630885122411,0.0150659133709981,0.0188323917137476,0.112994350282486,0.0357815442561205,0.0263653483992467,0.0301318267419962,0.0508474576271186,0.0244821092278719,0.0715630885122411,0.0150659133709981,0.0169491525423729,0.0922787193973635
"seq4518",0.0402877697841727,0.0388489208633093,0.0561151079136691,0.060431654676259,0.0158273381294964,0.0575539568345324,0.0402877697841727,0.0532374100719424,0.0215827338129496,0.0805755395683453,0.102158273381295,0.0748201438848921,0.023021582733813,0.0561151079136691,0.0431654676258993,0.0834532374100719,0.0532374100719424,0.00719424460431655,0.0345323741007194,0.0575539568345324
"seq4519",0.107255520504732,0.056782334384858,0.0504731861198738,0.0662460567823344,0.00630914826498423,0.0599369085173502,0.0220820189274448,0.0883280757097792,0.0252365930599369,0.0883280757097792,0.0725552050473186,0.0441640378548896,0.0189274447949527,0.0441640378548896,0.028391167192429,0.0410094637223975,0.0378548895899054,0.00946372239747634,0.0378548895899054,0.0946372239747634
"seq4520",0.0727969348659004,0.0153256704980843,0.0957854406130268,0.0459770114942529,0.00383141762452107,0.0191570881226054,0.0229885057471264,0.0881226053639847,0.0191570881226054,0.0651340996168582,0.0498084291187739,0.0613026819923372,0.0114942528735632,0.0344827586206897,0.0268199233716475,0.114942528735632,0.0727969348659004,0.0613026819923372,0.053639846743295,0.0651340996168582
"seq4521",0.067842605156038,0.0379918588873813,0.062415196743555,0.0542740841248304,0.0067842605156038,0.0719131614654003,0.0542740841248304,0.0542740841248304,0.0176390773405699,0.0583446404341927,0.0814111261872456,0.0841248303934871,0.0230664857530529,0.0379918588873813,0.0529172320217096,0.0515603799185889,0.0488466757123474,0.0217096336499322,0.0474898236092266,0.0651289009497965
"seq4522",0.0403587443946188,0.0269058295964126,0.0717488789237668,0.0672645739910314,0.00896860986547085,0.0493273542600897,0.00896860986547085,0.0762331838565022,0.00448430493273543,0.062780269058296,0.0762331838565022,0.0717488789237668,0.00896860986547085,0.0538116591928251,0.0717488789237668,0.125560538116592,0.062780269058296,0.0134529147982063,0.0269058295964126,0.0717488789237668
"seq4523",0.0553459119496855,0.0226415094339623,0.0993710691823899,0.0515723270440252,0.00125786163522013,0.0742138364779874,0.0238993710691824,0.070440251572327,0.00880503144654088,0.0691823899371069,0.0641509433962264,0.0855345911949685,0.020125786163522,0.0364779874213836,0.0415094339622641,0.0679245283018868,0.0628930817610063,0.0251572327044025,0.0654088050314465,0.0540880503144654
"seq4524",0.108786610878661,0.0334728033472803,0.0251046025104603,0.0418410041841004,0.00836820083682008,0.0878661087866109,0.0418410041841004,0.0585774058577406,0.0167364016736402,0.0585774058577406,0.100418410041841,0.0836820083682008,0.0292887029288703,0.0292887029288703,0.0460251046025105,0.0711297071129707,0.0502092050209205,0.00418410041841004,0.0167364016736402,0.0878661087866109
"seq4525",0.0186335403726708,0.0248447204968944,0.062111801242236,0.0993788819875776,0.0062111801242236,0.0807453416149068,0.0496894409937888,0.062111801242236,0.0496894409937888,0.0807453416149068,0.0807453416149068,0.0807453416149068,0.0248447204968944,0.0434782608695652,0.0248447204968944,0.0372670807453416,0.0559006211180124,0.0248447204968944,0.0496894409937888,0.0434782608695652
"seq4526",0.0825496342737722,0.0219435736677116,0.102403343782654,0.0522466039707419,0.00626959247648903,0.0313479623824451,0.0376175548589342,0.109717868338558,0.00940438871473354,0.071055381400209,0.0574712643678161,0.0459770114942529,0.0167189132706374,0.0397074190177638,0.0250783699059561,0.0898641588296761,0.0794148380355277,0.0156739811912226,0.044932079414838,0.0606060606060606
"seq4527",0.190283400809717,0.048582995951417,0.0566801619433198,0.0647773279352227,0.00404858299595142,0.048582995951417,0.0121457489878543,0.097165991902834,0.0121457489878543,0.0647773279352227,0.097165991902834,0.048582995951417,0.00809716599190283,0.0404858299595142,0.0242914979757085,0.048582995951417,0.0404858299595142,0.0161943319838057,0.0121457489878543,0.0647773279352227
"seq4528",0.0827727405674174,0.064346300087745,0.0304182509505703,0.0450424100614215,0.0187189236618894,0.064931266452179,0.0222287218484937,0.0900848201228429,0.0216437554840597,0.0511845568879789,0.091547236033928,0.0549868382568002,0.0380228136882129,0.026615969581749,0.0415326118748172,0.0582041532611875,0.0661011991810471,0.0269084527639661,0.025446036852881,0.0792629423808131
"seq4529",0.0839918056774949,0.0646766169154229,0.0307287093942054,0.045068773778168,0.0184372256365233,0.0635059994146912,0.0213637693883524,0.0895522388059701,0.0222417325139011,0.0494585894059116,0.0910155106818847,0.0558969856599356,0.0380450687737782,0.0275095112671934,0.0412642669007902,0.0597014925373134,0.0649692712906058,0.0272168568920105,0.0251682762657302,0.0801872988001171
"seq4530",0.0695970695970696,0.0201465201465201,0.0677655677655678,0.0494505494505494,0.00915750915750916,0.0512820512820513,0.0421245421245421,0.0732600732600733,0.0146520146520147,0.0531135531135531,0.0769230769230769,0.0750915750915751,0.0293040293040293,0.043956043956044,0.0476190476190476,0.0659340659340659,0.0641025641025641,0.0274725274725275,0.0586080586080586,0.0604395604395604
"seq4531",0.099290780141844,0.0437352245862884,0.0555555555555556,0.0602836879432624,0.00118203309692671,0.0425531914893617,0.0602836879432624,0.0756501182033097,0.0153664302600473,0.0378250591016548,0.0791962174940898,0.0520094562647754,0.0260047281323877,0.0366430260047281,0.0543735224586288,0.0520094562647754,0.0709219858156028,0.0342789598108747,0.041371158392435,0.0614657210401891
"seq4532",0.109004739336493,0.0414691943127962,0.0509478672985782,0.0734597156398104,0.0023696682464455,0.0367298578199052,0.0533175355450237,0.0770142180094787,0.0130331753554502,0.0414691943127962,0.0758293838862559,0.0592417061611374,0.0213270142180095,0.037914691943128,0.0580568720379147,0.0545023696682464,0.0627962085308057,0.0308056872037915,0.0414691943127962,0.0592417061611374
"seq4533",0.0485436893203883,0.0315533980582524,0.0679611650485437,0.0558252427184466,0,0.0606796116504854,0.0655339805825243,0.0388349514563107,0.0266990291262136,0.0800970873786408,0.114077669902913,0.0728155339805825,0.0169902912621359,0.0655339805825243,0.0388349514563107,0.0558252427184466,0.0558252427184466,0.0121359223300971,0.0509708737864078,0.0412621359223301
"seq4534",0.0418604651162791,0.0418604651162791,0.0325581395348837,0.0883720930232558,0.013953488372093,0.111627906976744,0.0186046511627907,0.0232558139534884,0.0325581395348837,0.0930232558139535,0.102325581395349,0.0930232558139535,0.027906976744186,0.0511627906976744,0.0418604651162791,0.0697674418604651,0.0511627906976744,0,0.027906976744186,0.0372093023255814
"seq4535",0.0835734870317003,0.0403458213256484,0.0345821325648415,0.0518731988472622,0.031700288184438,0.0634005763688761,0.031700288184438,0.0893371757925072,0.0201729106628242,0.0864553314121038,0.0518731988472622,0.0662824207492795,0.037463976945245,0.031700288184438,0.0547550432276657,0.037463976945245,0.0547550432276657,0,0.031700288184438,0.100864553314121
"seq4536",0.119551681195517,0.0112079701120797,0.049813200498132,0.0933997509339975,0.0012453300124533,0.0547945205479452,0.0174346201743462,0.0585305105853051,0.0012453300124533,0.0348692403486924,0.0572851805728518,0.0772104607721046,0.0037359900373599,0.0273972602739726,0.0186799501867995,0.0784557907845579,0.174346201743462,0.0049813200498132,0.037359900373599,0.0784557907845579
"seq4537",0.0760869565217391,0.0108695652173913,0.0905797101449275,0.0434782608695652,0.0072463768115942,0.0507246376811594,0.0398550724637681,0.0543478260869565,0.0144927536231884,0.101449275362319,0.0833333333333333,0.0869565217391304,0.0217391304347826,0.0579710144927536,0.0217391304347826,0.0869565217391304,0.0797101449275362,0.0217391304347826,0.0253623188405797,0.0253623188405797
"seq4538",0.088145896656535,0.0303951367781155,0.0759878419452888,0.0516717325227964,0.0212765957446809,0.0547112462006079,0.027355623100304,0.106382978723404,0.0151975683890578,0.0364741641337386,0.0668693009118541,0.0638297872340425,0.00911854103343465,0.0243161094224924,0.0516717325227964,0.0759878419452888,0.0638297872340425,0.0364741641337386,0.033434650455927,0.0668693009118541
"seq4539",0.0729411764705882,0.0682352941176471,0.0494117647058823,0.0352941176470588,0.00705882352941176,0.0941176470588235,0.0164705882352941,0.0823529411764706,0.0211764705882353,0.0588235294117647,0.12,0.0588235294117647,0.0188235294117647,0.04,0.0305882352941176,0.0447058823529412,0.0541176470588235,0,0.0305882352941176,0.0964705882352941
"seq4540",0.0862533692722372,0.0350404312668464,0.0377358490566038,0.0619946091644205,0.0107816711590297,0.0646900269541779,0.0350404312668464,0.091644204851752,0.00808625336927224,0.0646900269541779,0.107816711590297,0.078167115902965,0.0296495956873315,0.032345013477089,0.0431266846361186,0.0512129380053908,0.0512129380053908,0.0215633423180593,0.0161725067385445,0.0727762803234501
"seq4541",0.0923076923076923,0.0358974358974359,0.0307692307692308,0.0358974358974359,0.00512820512820513,0.0820512820512821,0.0307692307692308,0.0256410256410256,0.00512820512820513,0.0974358974358974,0.128205128205128,0.0820512820512821,0.0256410256410256,0.0512820512820513,0.0256410256410256,0.0615384615384615,0.0461538461538462,0.0256410256410256,0.041025641025641,0.0717948717948718
"seq4542",0.0881612090680101,0.0327455919395466,0.0730478589420655,0.0730478589420655,0.0125944584382872,0.052896725440806,0.0277078085642317,0.0579345088161209,0.0201511335012594,0.0629722921914358,0.0831234256926952,0.0654911838790932,0.0302267002518892,0.035264483627204,0.0327455919395466,0.0705289672544081,0.0579345088161209,0.0100755667506297,0.0554156171284635,0.0579345088161209
"seq4543",0.0666666666666667,0.0222222222222222,0.0518518518518519,0.037037037037037,0.0444444444444444,0.0814814814814815,0.037037037037037,0.0740740740740741,0.0296296296296296,0.0518518518518519,0.0592592592592593,0.0888888888888889,0.0444444444444444,0.0296296296296296,0.037037037037037,0.0814814814814815,0.0444444444444444,0.00740740740740741,0.0296296296296296,0.0814814814814815
"seq4544",0.130859375,0.072265625,0.021484375,0.072265625,0.0078125,0.068359375,0.03515625,0.103515625,0.017578125,0.0390625,0.08203125,0.025390625,0.017578125,0.02734375,0.060546875,0.041015625,0.0703125,0.01953125,0.021484375,0.06640625
"seq4545",0.0703812316715543,0.0850439882697947,0.0205278592375367,0.0439882697947214,0.0117302052785924,0.0791788856304985,0.032258064516129,0.0703812316715543,0.032258064516129,0.0557184750733138,0.0791788856304985,0.0703812316715543,0.0146627565982405,0.0586510263929619,0.0410557184750733,0.0410557184750733,0.0645161290322581,0.00586510263929619,0.0703812316715543,0.0527859237536657
"seq4546",0.0295652173913043,0.0382608695652174,0.0539130434782609,0.0626086956521739,0.0243478260869565,0.0730434782608696,0.0295652173913043,0.0608695652173913,0.00695652173913044,0.0504347826086957,0.0904347826086957,0.0643478260869565,0.0278260869565217,0.0521739130434783,0.0417391304347826,0.0834782608695652,0.0695652173913043,0.0104347826086957,0.0452173913043478,0.0852173913043478
"seq4547",0.09021113243762,0.0249520153550864,0.053742802303263,0.0652591170825336,0.00191938579654511,0.0633397312859885,0.0499040307101727,0.0767754318618042,0.0268714011516315,0.053742802303263,0.0863723608445297,0.0748560460652591,0.0249520153550864,0.036468330134357,0.0383877159309021,0.072936660268714,0.0614203454894434,0.00959692898272553,0.036468330134357,0.0518234165067179
"seq4548",0.076797385620915,0.0522875816993464,0.0375816993464052,0.0866013071895425,0.00326797385620915,0.0571895424836601,0.0261437908496732,0.119281045751634,0.0294117647058824,0.042483660130719,0.076797385620915,0.0571895424836601,0.0212418300653595,0.0294117647058824,0.0457516339869281,0.0457516339869281,0.0669934640522876,0.0245098039215686,0.0473856209150327,0.053921568627451
"seq4549",0.107305936073059,0.0251141552511416,0.0525114155251142,0.0525114155251142,0.0045662100456621,0.0616438356164384,0.0479452054794521,0.0821917808219178,0.0114155251141553,0.0319634703196347,0.0753424657534247,0.0844748858447489,0.0319634703196347,0.045662100456621,0.0547945205479452,0.0570776255707763,0.0616438356164384,0.0182648401826484,0.0479452054794521,0.045662100456621
"seq4550",0.105793450881612,0.0856423173803526,0.0125944584382872,0.0226700251889169,0,0.100755667506297,0.035264483627204,0.0982367758186398,0.0100755667506297,0.0251889168765743,0.143576826196474,0.0428211586901763,0.0226700251889169,0.0478589420654912,0.0705289672544081,0.0403022670025189,0.0302267002518892,0.00755667506297229,0.0277078085642317,0.0705289672544081
"seq4551",0.121287128712871,0.0891089108910891,0.0247524752475248,0.047029702970297,0.00495049504950495,0.0915841584158416,0.0222772277227723,0.0742574257425743,0.0148514851485149,0.0495049504950495,0.0965346534653465,0.0544554455445545,0.0247524752475248,0.0371287128712871,0.0569306930693069,0.0247524752475248,0.047029702970297,0.0247524752475248,0.0222772277227723,0.0717821782178218
"seq4552",0.0732177263969171,0.0597302504816956,0.0346820809248555,0.0500963391136802,0.00963391136801541,0.0558766859344894,0.0404624277456647,0.0732177263969171,0.0404624277456647,0.0481695568400771,0.117533718689788,0.0289017341040462,0.023121387283237,0.0539499036608863,0.0500963391136802,0.0828516377649326,0.0481695568400771,0.0173410404624277,0.0211946050096339,0.0712909441233141
"seq4553",0.115942028985507,0.0347826086956522,0.0347826086956522,0.0434782608695652,0,0.0753623188405797,0.0434782608695652,0.0695652173913043,0.0173913043478261,0.0405797101449275,0.0695652173913043,0.0579710144927536,0.0521739130434783,0.063768115942029,0.0492753623188406,0.0666666666666667,0.0521739130434783,0.00869565217391304,0.0289855072463768,0.0753623188405797
"seq4554",0.031055900621118,0.0527950310559006,0.0434782608695652,0.0807453416149068,0.0124223602484472,0.046583850931677,0.0434782608695652,0.046583850931677,0.0124223602484472,0.0838509316770186,0.130434782608696,0.0590062111801242,0.0217391304347826,0.0341614906832298,0.031055900621118,0.0838509316770186,0.0590062111801242,0.0031055900621118,0.0341614906832298,0.0900621118012422
"seq4555",0.128787878787879,0.0340909090909091,0.0265151515151515,0.0454545454545455,0.0113636363636364,0.0681818181818182,0.0416666666666667,0.0984848484848485,0.0265151515151515,0.0492424242424242,0.0984848484848485,0.0416666666666667,0.0340909090909091,0.0378787878787879,0.0416666666666667,0.0303030303030303,0.0643939393939394,0.00378787878787879,0.0303030303030303,0.0871212121212121
"seq4556",0.0616302186878728,0.0715705765407555,0.025844930417495,0.0516898608349901,0.0198807157057654,0.105367793240557,0.0357852882703777,0.0775347912524851,0.0298210735586481,0.0337972166998012,0.10934393638171,0.0636182902584493,0.0377733598409543,0.0417495029821074,0.0417495029821074,0.0417495029821074,0.0497017892644135,0.0159045725646123,0.0298210735586481,0.0556660039761431
"seq4557",0.107981220657277,0.0610328638497653,0.0187793427230047,0.0563380281690141,0.00938967136150235,0.0845070422535211,0.0328638497652582,0.0938967136150235,0.0234741784037559,0.0704225352112676,0.103286384976526,0.0563380281690141,0.0187793427230047,0.0563380281690141,0.028169014084507,0.0422535211267606,0.0422535211267606,0,0.0375586854460094,0.0563380281690141
"seq4558",0.107981220657277,0.0563380281690141,0.028169014084507,0.0516431924882629,0.00938967136150235,0.0892018779342723,0.0328638497652582,0.0892018779342723,0.0187793427230047,0.0704225352112676,0.107981220657277,0.0563380281690141,0.0187793427230047,0.0563380281690141,0.028169014084507,0.0422535211267606,0.0422535211267606,0,0.0375586854460094,0.0563380281690141
"seq4559",0.1,0.0465116279069767,0.0465116279069767,0.0558139534883721,0,0.0232558139534884,0.0697674418604651,0.102325581395349,0.0116279069767442,0.0348837209302326,0.072093023255814,0.0325581395348837,0.0162790697674419,0.0418604651162791,0.0651162790697674,0.0906976744186047,0.0488372093023256,0.0186046511627907,0.0302325581395349,0.0930232558139535
"seq4560",0.107142857142857,0.0357142857142857,0.0642857142857143,0.0571428571428571,0,0.0642857142857143,0.05,0.0285714285714286,0.0357142857142857,0.114285714285714,0.0642857142857143,0.0785714285714286,0.0357142857142857,0.0428571428571429,0.0571428571428571,0.0214285714285714,0.0571428571428571,0,0.0214285714285714,0.0642857142857143
"seq4561",0.128205128205128,0.0512820512820513,0.0256410256410256,0.0512820512820513,0.0183150183150183,0.0512820512820513,0.0549450549450549,0.0915750915750916,0.0293040293040293,0.0805860805860806,0.0622710622710623,0.0402930402930403,0.032967032967033,0.0183150183150183,0.043956043956044,0.0549450549450549,0.0476190476190476,0.010989010989011,0.0256410256410256,0.0805860805860806
"seq4562",0.109375,0.09375,0.03125,0.078125,0.015625,0.0703125,0.0546875,0.0703125,0.0234375,0.0625,0.0546875,0.015625,0.0390625,0.03125,0.046875,0.03125,0.0546875,0.0234375,0.015625,0.078125
"seq4563",0.0441176470588235,0.0147058823529412,0.0735294117647059,0.0833333333333333,0.0245098039215686,0.127450980392157,0.0392156862745098,0.0441176470588235,0.00980392156862745,0.0637254901960784,0.0882352941176471,0.0686274509803922,0.0147058823529412,0.0441176470588235,0.0392156862745098,0.0833333333333333,0.0392156862745098,0.00980392156862745,0.0588235294117647,0.0294117647058824
"seq4564",0.0955056179775281,0.0767790262172285,0.0318352059925094,0.0580524344569288,0.00374531835205993,0.0786516853932584,0.0561797752808989,0.0430711610486891,0.0243445692883895,0.0411985018726592,0.108614232209738,0.0655430711610487,0.0262172284644195,0.0411985018726592,0.048689138576779,0.0580524344569288,0.048689138576779,0.00187265917602996,0.0393258426966292,0.052434456928839
"seq4565",0.0675675675675676,0.0472972972972973,0.027027027027027,0.027027027027027,0,0.141891891891892,0.0540540540540541,0.0608108108108108,0.027027027027027,0.121621621621622,0.027027027027027,0.0878378378378378,0.0135135135135135,0.0202702702702703,0.0405405405405405,0.0337837837837838,0.0472972972972973,0.0337837837837838,0.0540540540540541,0.0675675675675676
"seq4566",0.0555555555555556,0.0588235294117647,0.0522875816993464,0.0718954248366013,0.0130718954248366,0.0849673202614379,0.0326797385620915,0.0490196078431373,0.0392156862745098,0.0751633986928105,0.0849673202614379,0.0915032679738562,0.0261437908496732,0.0522875816993464,0.0326797385620915,0.042483660130719,0.0457516339869281,0.00326797385620915,0.0392156862745098,0.0490196078431373
"seq4567",0.132867132867133,0.0559440559440559,0.027972027972028,0.048951048951049,0.0104895104895105,0.0839160839160839,0.0524475524475524,0.0664335664335664,0.034965034965035,0.0524475524475524,0.143356643356643,0.0524475524475524,0.00699300699300699,0.0174825174825175,0.0454545454545455,0.0314685314685315,0.048951048951049,0.00699300699300699,0.0244755244755245,0.0559440559440559
"seq4568",0.177852348993289,0.0402684563758389,0.0302013422818792,0.0469798657718121,0.00671140939597315,0.0436241610738255,0.0436241610738255,0.110738255033557,0.0167785234899329,0.0302013422818792,0.120805369127517,0.0302013422818792,0.0469798657718121,0.0268456375838926,0.0402684563758389,0.0604026845637584,0.0335570469798658,0.00671140939597315,0.0201342281879195,0.0671140939597315
"seq4569",0.0974025974025974,0.0616883116883117,0.0357142857142857,0.0616883116883117,0.0227272727272727,0.0551948051948052,0.038961038961039,0.11038961038961,0.0487012987012987,0.051948051948052,0.0811688311688312,0.0194805194805195,0.0227272727272727,0.0324675324675325,0.0487012987012987,0.038961038961039,0.0584415584415584,0.0194805194805195,0.0227272727272727,0.0714285714285714
"seq4570",0.0782122905027933,0.0782122905027933,0.0111731843575419,0.0558659217877095,0.0223463687150838,0.0782122905027933,0.0391061452513966,0.0558659217877095,0.0279329608938547,0.0782122905027933,0.0726256983240224,0.0391061452513966,0.0335195530726257,0.0558659217877095,0.0726256983240224,0.0558659217877095,0.0446927374301676,0.0223463687150838,0.0223463687150838,0.0558659217877095
"seq4571",0.0655526992287918,0.051413881748072,0.0295629820051414,0.0694087403598972,0.0025706940874036,0.0886889460154242,0.0552699228791774,0.0565552699228792,0.0167095115681234,0.0539845758354756,0.124678663239075,0.06426735218509,0.0308483290488432,0.032133676092545,0.0359897172236504,0.0526992287917738,0.0526992287917738,0.0102827763496144,0.0244215938303342,0.0822622107969152
"seq4572",0.0670103092783505,0.0309278350515464,0.0463917525773196,0.0515463917525773,0,0.0876288659793814,0.0618556701030928,0.0618556701030928,0.0206185567010309,0.103092783505155,0.118556701030928,0.0979381443298969,0.0309278350515464,0.0257731958762887,0.00515463917525773,0.0515463917525773,0.0412371134020619,0.00515463917525773,0.0309278350515464,0.0618556701030928
"seq4573",0.0894941634241245,0.0583657587548638,0.0389105058365759,0.0544747081712062,0.0116731517509728,0.0856031128404669,0.0350194552529183,0.0739299610894942,0.0350194552529183,0.0505836575875486,0.120622568093385,0.0233463035019455,0.0155642023346304,0.0350194552529183,0.0505836575875486,0.0505836575875486,0.0544747081712062,0.0155642023346304,0.0233463035019455,0.0778210116731518
"seq4574",0.109550561797753,0.0674157303370786,0.0449438202247191,0.0252808988764045,0.0252808988764045,0.0533707865168539,0.0393258426966292,0.0561797752808989,0.0196629213483146,0.0196629213483146,0.0870786516853933,0.047752808988764,0.0280898876404494,0.0252808988764045,0.0758426966292135,0.050561797752809,0.0898876404494382,0.0140449438202247,0.0421348314606742,0.0786516853932584
"seq4575",0.11304347826087,0.0260869565217391,0.0405797101449275,0.0521739130434783,0.0144927536231884,0.0405797101449275,0.0405797101449275,0.0869565217391304,0.0144927536231884,0.0289855072463768,0.0927536231884058,0.0811594202898551,0.0173913043478261,0.0521739130434783,0.072463768115942,0.0579710144927536,0.0579710144927536,0.00869565217391304,0.0231884057971014,0.0782608695652174
"seq4576",0.0934959349593496,0.0691056910569106,0.00813008130081301,0.0528455284552846,0.00813008130081301,0.0609756097560976,0.032520325203252,0.0731707317073171,0.024390243902439,0.040650406504065,0.109756097560976,0.0284552845528455,0.0284552845528455,0.0487804878048781,0.0934959349593496,0.0487804878048781,0.0528455284552846,0.00813008130081301,0.040650406504065,0.0772357723577236
"seq4577",0.145038167938931,0.0429389312977099,0.0295801526717557,0.0677480916030534,0.000954198473282443,0.0486641221374046,0.0305343511450382,0.118320610687023,0.0104961832061069,0.0229007633587786,0.0725190839694656,0.0286259541984733,0.0124045801526718,0.0209923664122137,0.0553435114503817,0.066793893129771,0.0925572519083969,0.0219465648854962,0.0400763358778626,0.0715648854961832
"seq4578",0.0790960451977401,0.0141242937853107,0.0706214689265537,0.0536723163841808,0.00564971751412429,0.0451977401129944,0.0367231638418079,0.0903954802259887,0.0423728813559322,0.0395480225988701,0.0564971751412429,0.0706214689265537,0.0395480225988701,0.0367231638418079,0.0649717514124294,0.0508474576271186,0.0677966101694915,0.00564971751412429,0.0310734463276836,0.0988700564971751
"seq4579",0.0734265734265734,0.0611888111888112,0.0384615384615385,0.0734265734265734,0.00699300699300699,0.103146853146853,0.0262237762237762,0.0751748251748252,0.013986013986014,0.0681818181818182,0.0891608391608392,0.0559440559440559,0.0297202797202797,0.0332167832167832,0.034965034965035,0.0524475524475524,0.0472027972027972,0.0034965034965035,0.041958041958042,0.0716783216783217
"seq4580",0.0913461538461538,0.0560897435897436,0.0689102564102564,0.0689102564102564,0.00641025641025641,0.0256410256410256,0.0512820512820513,0.092948717948718,0.0128205128205128,0.0288461538461538,0.108974358974359,0.0272435897435897,0.0208333333333333,0.0208333333333333,0.0496794871794872,0.0961538461538462,0.0689102564102564,0.016025641025641,0.0208333333333333,0.0673076923076923
"seq4581",0.115384615384615,0.0437062937062937,0.0297202797202797,0.048951048951049,0.0174825174825175,0.0664335664335664,0.034965034965035,0.0839160839160839,0.0314685314685315,0.0559440559440559,0.0961538461538462,0.0506993006993007,0.034965034965035,0.034965034965035,0.0472027972027972,0.0576923076923077,0.0402097902097902,0.00874125874125874,0.0244755244755245,0.0769230769230769
"seq4582",0.0873239436619718,0.0591549295774648,0.0394366197183099,0.0394366197183099,0.0112676056338028,0.0676056338028169,0.0647887323943662,0.0788732394366197,0.028169014084507,0.047887323943662,0.11830985915493,0.0225352112676056,0.0197183098591549,0.0338028169014084,0.0676056338028169,0.0450704225352113,0.047887323943662,0.0253521126760563,0.0197183098591549,0.076056338028169
"seq4583",0.0536723163841808,0.0338983050847458,0.0875706214689266,0.0395480225988701,0,0.0451977401129944,0.0423728813559322,0.11864406779661,0.0141242937853107,0.0564971751412429,0.0508474576271186,0.0310734463276836,0.0310734463276836,0.0480225988700565,0.0254237288135593,0.0932203389830508,0.0932203389830508,0.0225988700564972,0.0593220338983051,0.0536723163841808
"seq4584",0.124087591240876,0.062043795620438,0.0255474452554745,0.0875912408759124,0,0.0656934306569343,0.0255474452554745,0.0583941605839416,0.0109489051094891,0.0328467153284672,0.109489051094891,0.0802919708029197,0.0218978102189781,0.062043795620438,0.0291970802919708,0.0547445255474453,0.0437956204379562,0.00364963503649635,0.0291970802919708,0.072992700729927
"seq4585",0.09,0.0266666666666667,0.0766666666666667,0.0366666666666667,0.0133333333333333,0.00666666666666667,0.0366666666666667,0.1,0.00333333333333333,0.05,0.07,0.02,0.00666666666666667,0.0333333333333333,0.0533333333333333,0.09,0.1,0.0133333333333333,0.0533333333333333,0.12
"seq4586",0.0534351145038168,0.0458015267175573,0.0610687022900763,0.0381679389312977,0.0229007633587786,0.099236641221374,0.0305343511450382,0.083969465648855,0,0.0458015267175573,0.0763358778625954,0.099236641221374,0.0305343511450382,0.0687022900763359,0.0305343511450382,0.0458015267175573,0.0458015267175573,0.00763358778625954,0.0381679389312977,0.0763358778625954
"seq4587",0.115671641791045,0.0447761194029851,0.0671641791044776,0.0746268656716418,0.0149253731343284,0.0559701492537313,0.0261194029850746,0.0298507462686567,0.0149253731343284,0.0746268656716418,0.100746268656716,0.0559701492537313,0.0261194029850746,0.041044776119403,0.0373134328358209,0.0671641791044776,0.0373134328358209,0.0261194029850746,0.0373134328358209,0.0522388059701493
"seq4588",0.0504672897196262,0.0168224299065421,0.0747663551401869,0.0448598130841121,0.00560747663551402,0.0504672897196262,0.0355140186915888,0.0635514018691589,0.00186915887850467,0.0728971962616822,0.14018691588785,0.0579439252336449,0.00934579439252336,0.0485981308411215,0.0654205607476635,0.100934579439252,0.0897196261682243,0.00560747663551402,0.0168224299065421,0.0485981308411215
"seq4589",0.0487012987012987,0.0746753246753247,0.025974025974026,0.0357142857142857,0,0.126623376623377,0.00649350649350649,0.0454545454545455,0.0162337662337662,0.0584415584415584,0.12987012987013,0.100649350649351,0.00974025974025974,0.0454545454545455,0.051948051948052,0.0714285714285714,0.025974025974026,0.00974025974025974,0.0487012987012987,0.0681818181818182
"seq4590",0.0662100456621005,0.0479452054794521,0.0273972602739726,0.0547945205479452,0.0182648401826484,0.0707762557077626,0.0365296803652968,0.0821917808219178,0.0365296803652968,0.0662100456621005,0.091324200913242,0.0547945205479452,0.0228310502283105,0.0388127853881279,0.045662100456621,0.0684931506849315,0.0662100456621005,0.0091324200913242,0.0296803652968037,0.0662100456621005
"seq4591",0.075,0.05,0.0625,0.075,0.0125,0.0625,0.025,0.06875,0.0125,0.05,0.09375,0.04375,0.01875,0.0625,0.04375,0.04375,0.1,0.00625,0.0375,0.05625
"seq4592",0.0410714285714286,0.0303571428571429,0.0625,0.0482142857142857,0.00535714285714286,0.075,0.0178571428571429,0.0625,0.0160714285714286,0.0482142857142857,0.0910714285714286,0.0625,0.025,0.0553571428571429,0.075,0.0517857142857143,0.0535714285714286,0.0446428571428571,0.0589285714285714,0.075
"seq4593",0.0628366247755835,0.0305206463195691,0.0682226211849192,0.0502692998204668,0.00359066427289048,0.0736086175942549,0.0143626570915619,0.0700179533213645,0.00179533213644524,0.052064631956912,0.0861759425493716,0.0736086175942549,0.0179533213644524,0.0466786355475763,0.0718132854578097,0.0412926391382406,0.0448833034111311,0.0466786355475763,0.0610412926391382,0.0825852782764812
"seq4594",0.078125,0.0546875,0.03125,0.0390625,0,0.109375,0.0390625,0.0703125,0.0078125,0.0625,0.046875,0.0625,0.03125,0.0546875,0.046875,0.046875,0.0546875,0,0.03125,0.1328125
"seq4595",0.165165165165165,0.024024024024024,0.036036036036036,0.0570570570570571,0.00900900900900901,0.036036036036036,0.0750750750750751,0.0870870870870871,0.00900900900900901,0.0630630630630631,0.0630630630630631,0.0660660660660661,0.012012012012012,0.03003003003003,0.042042042042042,0.045045045045045,0.0690690690690691,0.012012012012012,0.021021021021021,0.0780780780780781
"seq4596",0.0707070707070707,0.0404040404040404,0.0505050505050505,0.121212121212121,0.0606060606060606,0.0505050505050505,0.0505050505050505,0.0606060606060606,0.0202020202020202,0.0606060606060606,0.0808080808080808,0.0505050505050505,0.0404040404040404,0.0101010101010101,0.0101010101010101,0.0808080808080808,0.0404040404040404,0.0101010101010101,0.0606060606060606,0.0303030303030303
"seq4597",0.194444444444444,0.0185185185185185,0.037037037037037,0.0555555555555556,0.0185185185185185,0.0462962962962963,0.0555555555555556,0.0555555555555556,0.0277777777777778,0.0277777777777778,0.0740740740740741,0.0648148148148148,0.0185185185185185,0.037037037037037,0.0740740740740741,0.037037037037037,0.0462962962962963,0.00925925925925926,0.0462962962962963,0.0555555555555556
"seq4598",0.0948509485094851,0.043360433604336,0.029810298102981,0.0623306233062331,0.010840108401084,0.0677506775067751,0.024390243902439,0.0948509485094851,0.035230352303523,0.0514905149051491,0.0867208672086721,0.0650406504065041,0.035230352303523,0.0487804878048781,0.037940379403794,0.0542005420054201,0.035230352303523,0.018970189701897,0.032520325203252,0.0704607046070461
"seq4599",0.119448698315467,0.0490045941807044,0.0551301684532925,0.0597243491577335,0.0122511485451761,0.0214395099540582,0.0306278713629403,0.107197549770291,0.0153139356814701,0.0352220520673813,0.0597243491577335,0.0306278713629403,0.0107197549770291,0.0275650842266462,0.0520673813169985,0.101071975497703,0.101071975497703,0.0168453292496172,0.0321592649310873,0.0627871362940276
"seq4600",0.0769230769230769,0.0450928381962865,0.0477453580901857,0.0875331564986737,0.0013262599469496,0.0596816976127321,0.0464190981432361,0.0649867374005305,0.0225464190981432,0.0517241379310345,0.0769230769230769,0.0557029177718833,0.0212201591511936,0.0450928381962865,0.0384615384615385,0.0503978779840849,0.0649867374005305,0.0238726790450928,0.0464190981432361,0.0729442970822281
"seq4601",0.0815047021943574,0.0595611285266458,0.0250783699059561,0.0626959247648903,0.00940438871473354,0.0626959247648903,0.0282131661442006,0.144200626959248,0.0376175548589342,0.0940438871473354,0.0689655172413793,0.0564263322884013,0.0156739811912226,0.0219435736677116,0.0219435736677116,0.0376175548589342,0.0595611285266458,0.00313479623824451,0.0282131661442006,0.0815047021943574
"seq4602",0.0547667342799189,0.0243407707910751,0.085868830290737,0.0615280594996619,0.00338066260987153,0.0966869506423259,0.0223123732251521,0.0831643002028398,0.017579445571332,0.0635564570655849,0.0784313725490196,0.0709939148073022,0.017579445571332,0.033130493576741,0.0324543610547667,0.0791075050709939,0.0540906017579446,0.0169033130493577,0.0453008789722786,0.0588235294117647
"seq4603",0.074792243767313,0.018005540166205,0.038781163434903,0.07202216066482,0,0.0498614958448753,0.038781163434903,0.0858725761772853,0.00415512465373961,0.0844875346260388,0.092797783933518,0.101108033240997,0.0263157894736842,0.0581717451523546,0.0277008310249307,0.056786703601108,0.0581717451523546,0.00277008310249307,0.0429362880886427,0.0664819944598338
"seq4604",0.0829145728643216,0.0251256281407035,0.0653266331658292,0.0879396984924623,0.00753768844221105,0.0577889447236181,0.0251256281407035,0.0653266331658292,0.0226130653266332,0.0603015075376884,0.0477386934673367,0.100502512562814,0.0226130653266332,0.0376884422110553,0.0226130653266332,0.0678391959798995,0.0678391959798995,0.0276381909547739,0.0678391959798995,0.0376884422110553
"seq4605",0.0942857142857143,0.0485714285714286,0.06,0.0771428571428571,0.00857142857142857,0.0485714285714286,0.0142857142857143,0.06,0.0314285714285714,0.0685714285714286,0.0514285714285714,0.0457142857142857,0.0285714285714286,0.0571428571428571,0.0514285714285714,0.0514285714285714,0.0571428571428571,0.0228571428571429,0.0571428571428571,0.0657142857142857
"seq4606",0.0804020100502513,0.0251256281407035,0.0778894472361809,0.0954773869346734,0.0050251256281407,0.042713567839196,0.0301507537688442,0.0577889447236181,0.0201005025125628,0.0552763819095477,0.0527638190954774,0.0904522613065327,0.0226130653266332,0.0402010050251256,0.0201005025125628,0.0678391959798995,0.0829145728643216,0.0276381909547739,0.0703517587939698,0.0351758793969849
"seq4607",0.0549618320610687,0.0300254452926209,0.0743002544529262,0.067175572519084,0.00101781170483461,0.0916030534351145,0.0244274809160305,0.0753180661577608,0.0101781170483461,0.072264631043257,0.0661577608142494,0.0768447837150127,0.0173027989821883,0.033587786259542,0.0340966921119593,0.0753180661577608,0.0758269720101781,0.0137404580152672,0.0463104325699746,0.0595419847328244
