"","A","R","N","D","C","E","Q","G","H","I","L","K","M","F","P","S","T","W","Y","V"
"seq4001",0.0142857142857143,0.0371428571428571,0.0571428571428571,0.0514285714285714,0.00857142857142857,0.0914285714285714,0.0514285714285714,0.0314285714285714,0.0257142857142857,0.08,0.128571428571429,0.0685714285714286,0.0228571428571429,0.06,0.0314285714285714,0.0742857142857143,0.0428571428571429,0.00857142857142857,0.0628571428571429,0.0514285714285714
"seq4002",0.0485436893203883,0.058252427184466,0.0457697642163662,0.072122052704577,0.00554785020804438,0.072122052704577,0.0332871012482663,0.0485436893203883,0.0208044382801664,0.0638002773925104,0.087378640776699,0.0790568654646325,0.0152565880721221,0.0540915395284327,0.0443828016643551,0.0596393897364771,0.0610263522884882,0.0124826629680999,0.0402219140083218,0.0776699029126214
"seq4003",0.0732394366197183,0.0366197183098592,0.0535211267605634,0.0788732394366197,0.0225352112676056,0.0676056338028169,0.0366197183098592,0.0732394366197183,0.0309859154929577,0.0619718309859155,0.0788732394366197,0.0563380281690141,0.0253521126760563,0.047887323943662,0.0338028169014084,0.047887323943662,0.0591549295774648,0.0169014084507042,0.0450704225352113,0.0535211267605634
"seq4004",0.0770712909441233,0.0269749518304432,0.0809248554913295,0.0828516377649326,0,0.0481695568400771,0.0346820809248555,0.0674373795761079,0.00963391136801541,0.0481695568400771,0.0944123314065511,0.0404624277456647,0.00192678227360308,0.046242774566474,0.0346820809248555,0.10597302504817,0.0635838150289017,0.0115606936416185,0.0712909441233141,0.0539499036608863
"seq4005",0.125,0.0681818181818182,0.0454545454545455,0.0568181818181818,0.00568181818181818,0.0681818181818182,0.0227272727272727,0.107954545454545,0.00568181818181818,0.0681818181818182,0.0965909090909091,0.0625,0.0227272727272727,0.0340909090909091,0.0113636363636364,0.0284090909090909,0.0625,0.0113636363636364,0.0113636363636364,0.0852272727272727
"seq4006",0.0771349862258953,0.0303030303030303,0.0385674931129477,0.046831955922865,0.0192837465564738,0.0247933884297521,0.0413223140495868,0.09366391184573,0.0220385674931129,0.0330578512396694,0.0523415977961433,0.0303030303030303,0.0110192837465565,0.0275482093663912,0.0550964187327824,0.148760330578512,0.0991735537190083,0.0358126721763085,0.0440771349862259,0.068870523415978
"seq4007",0.0754716981132075,0.0113207547169811,0.0452830188679245,0.0679245283018868,0.0188679245283019,0.0679245283018868,0.0150943396226415,0.060377358490566,0.00377358490566038,0.0830188679245283,0.128301886792453,0.128301886792453,0.00754716981132075,0.030188679245283,0.0528301886792453,0.0528301886792453,0.0452830188679245,0,0.0452830188679245,0.060377358490566
"seq4008",0.135294117647059,0.00588235294117647,0.0352941176470588,0.0352941176470588,0,0.0294117647058824,0.0352941176470588,0.0647058823529412,0.00588235294117647,0.0352941176470588,0.0764705882352941,0.0647058823529412,0.0352941176470588,0.0235294117647059,0.0411764705882353,0.117647058823529,0.105882352941176,0.00588235294117647,0.0235294117647059,0.123529411764706
"seq4009",0.0570264765784114,0.0285132382892057,0.0712830957230143,0.0814663951120163,0.00203665987780041,0.044806517311609,0.044806517311609,0.0468431771894094,0.0183299389002037,0.0835030549898167,0.0753564154786151,0.118126272912424,0.0162932790224033,0.0224032586558045,0.0407331975560081,0.0794297352342159,0.0610997963340122,0.00407331975560081,0.0509164969450102,0.0529531568228106
"seq4010",0.145695364238411,0.0198675496688742,0.033112582781457,0.0596026490066225,0.00662251655629139,0.033112582781457,0.0264900662251656,0.0728476821192053,0.0264900662251656,0.0728476821192053,0.0596026490066225,0.0728476821192053,0.033112582781457,0.105960264900662,0.033112582781457,0.0662251655629139,0.0529801324503311,0.00662251655629139,0.0132450331125828,0.0596026490066225
"seq4011",0.0879120879120879,0.0302197802197802,0.0467032967032967,0.0494505494505494,0.00549450549450549,0.0961538461538462,0.0192307692307692,0.0961538461538462,0.00549450549450549,0.0796703296703297,0.10989010989011,0.0906593406593407,0.0302197802197802,0.021978021978022,0.0302197802197802,0.0357142857142857,0.0714285714285714,0.00274725274725275,0.00274725274725275,0.0879120879120879
"seq4012",0.0833333333333333,0.0233333333333333,0.0366666666666667,0.03,0.02,0.0533333333333333,0.02,0.06,0.03,0.07,0.12,0.09,0.0166666666666667,0.06,0.0366666666666667,0.06,0.0766666666666667,0.00666666666666667,0.0166666666666667,0.09
"seq4013",0.051063829787234,0.0446808510638298,0.0595744680851064,0.0595744680851064,0.00638297872340425,0.0446808510638298,0.0297872340425532,0.074468085106383,0.0297872340425532,0.0531914893617021,0.0851063829787234,0.0702127659574468,0.025531914893617,0.0808510638297872,0.0574468085106383,0.0617021276595745,0.051063829787234,0.0170212765957447,0.048936170212766,0.048936170212766
"seq4014",0.0462700661000944,0.0349386213408876,0.0472143531633617,0.068932955618508,0.0132200188857413,0.0717658168083097,0.0302171860245515,0.0745986779981114,0.0377714825306893,0.0453257790368272,0.0774315391879131,0.0651558073654391,0.0264400377714825,0.0519357884796978,0.0434372049102927,0.0670443814919736,0.0651558073654391,0.016052880075543,0.0519357884796978,0.0651558073654391
"seq4015",0.0722610722610723,0.0466200466200466,0.041958041958042,0.0582750582750583,0.00932400932400932,0.0652680652680653,0.034965034965035,0.0722610722610723,0.0303030303030303,0.0652680652680653,0.0815850815850816,0.0396270396270396,0.0163170163170163,0.041958041958042,0.048951048951049,0.0699300699300699,0.0512820512820513,0.020979020979021,0.0559440559440559,0.0769230769230769
"seq4016",0.0549019607843137,0.0274509803921569,0.0627450980392157,0.0627450980392157,0,0.0156862745098039,0.0431372549019608,0.137254901960784,0.0156862745098039,0.0352941176470588,0.0901960784313725,0.0745098039215686,0.0117647058823529,0.101960784313725,0.0470588235294118,0.0470588235294118,0.0392156862745098,0.0392156862745098,0.0549019607843137,0.0392156862745098
"seq4017",0.094017094017094,0.0128205128205128,0.0897435897435897,0.0299145299145299,0.00854700854700855,0.00854700854700855,0.0598290598290598,0.115384615384615,0.00854700854700855,0.0384615384615385,0.0555555555555556,0.0256410256410256,0.0170940170940171,0.0384615384615385,0.0299145299145299,0.115384615384615,0.0811965811965812,0.0384615384615385,0.0683760683760684,0.0641025641025641
"seq4018",0.121212121212121,0.0194805194805195,0.0303030303030303,0.0562770562770563,0,0.038961038961039,0.0757575757575758,0.0735930735930736,0.0108225108225108,0.051948051948052,0.0974025974025974,0.0606060606060606,0.00865800865800866,0.0216450216450216,0.0800865800865801,0.0930735930735931,0.0627705627705628,0.00216450216450216,0.00865800865800866,0.0865800865800866
"seq4019",0.0688073394495413,0.0428134556574924,0.0428134556574924,0.0718654434250764,0.00458715596330275,0.0978593272171254,0.036697247706422,0.0764525993883792,0.00917431192660551,0.0642201834862385,0.0764525993883792,0.0932721712538226,0.0168195718654434,0.0382262996941896,0.0428134556574924,0.0412844036697248,0.0749235474006116,0.00305810397553517,0.018348623853211,0.0795107033639144
"seq4020",0.0691056910569106,0.0333333333333333,0.0520325203252033,0.0772357723577236,0.0113821138211382,0.0650406504065041,0.032520325203252,0.0821138211382114,0.0170731707317073,0.0504065040650407,0.0626016260162602,0.0626016260162602,0.0170731707317073,0.0357723577235772,0.0642276422764228,0.0487804878048781,0.0691056910569106,0.0219512195121951,0.059349593495935,0.0682926829268293
"seq4021",0.210884353741497,0.0204081632653061,0.0476190476190476,0.0476190476190476,0.054421768707483,0.00680272108843537,0.0204081632653061,0.054421768707483,0,0.0680272108843537,0.0272108843537415,0.0408163265306122,0.00680272108843537,0.0408163265306122,0.0952380952380952,0.0612244897959184,0.0748299319727891,0.0204081632653061,0.0340136054421769,0.0680272108843537
"seq4022",0.0754716981132075,0.0330188679245283,0.080188679245283,0.0424528301886792,0,0.0141509433962264,0.0330188679245283,0.113207547169811,0.0235849056603774,0.0613207547169811,0.0990566037735849,0.0660377358490566,0.0283018867924528,0.0283018867924528,0.0235849056603774,0.0754716981132075,0.0566037735849057,0.00943396226415094,0.0424528301886792,0.0943396226415094
"seq4023",0.0658174097664544,0.0212314225053079,0.0636942675159236,0.0700636942675159,0.00636942675159236,0.0467091295116773,0.0169851380042463,0.059447983014862,0.0233545647558386,0.0828025477707006,0.0785562632696391,0.0870488322717622,0.0148619957537155,0.0488322717622081,0.0212314225053079,0.0976645435244161,0.089171974522293,0.00212314225053079,0.029723991507431,0.0743099787685775
"seq4024",0.0459363957597173,0.0106007067137809,0.0636042402826855,0.0600706713780919,0.00353356890459364,0.0671378091872792,0.0424028268551237,0.0318021201413428,0.0318021201413428,0.0812720848056537,0.123674911660777,0.120141342756184,0.0212014134275618,0.0459363957597173,0.0141342756183746,0.0848056537102474,0.0353356890459364,0.0106007067137809,0.0353356890459364,0.0706713780918728
"seq4025",0.0512820512820513,0.0192307692307692,0.032051282051282,0.0833333333333333,0.0128205128205128,0.134615384615385,0.0448717948717949,0.0641025641025641,0.0448717948717949,0.0897435897435897,0.173076923076923,0.0833333333333333,0.032051282051282,0.0128205128205128,0.0128205128205128,0.032051282051282,0.0128205128205128,0.0128205128205128,0.0384615384615385,0.0128205128205128
"seq4026",0.0807453416149068,0.0559006211180124,0.0372670807453416,0.0745341614906832,0.0062111801242236,0.136645962732919,0.0372670807453416,0.0683229813664596,0.0248447204968944,0.0559006211180124,0.142857142857143,0.0683229813664596,0.0124223602484472,0.031055900621118,0.0248447204968944,0.031055900621118,0.0186335403726708,0.0124223602484472,0.0434782608695652,0.0372670807453416
"seq4027",0.0817610062893082,0.050314465408805,0.0566037735849057,0.050314465408805,0.0377358490566038,0.050314465408805,0.0566037735849057,0.0754716981132075,0.0125786163522013,0.050314465408805,0.119496855345912,0.0314465408805031,0.0125786163522013,0.0628930817610063,0.0566037735849057,0.050314465408805,0.0314465408805031,0.0125786163522013,0.0440251572327044,0.0566037735849057
"seq4028",0.0769230769230769,0.0398860398860399,0.037037037037037,0.0598290598290598,0.0142450142450142,0.0484330484330484,0.0170940170940171,0.128205128205128,0.0313390313390313,0.0740740740740741,0.0797720797720798,0.0626780626780627,0.0512820512820513,0.0313390313390313,0.037037037037037,0.0455840455840456,0.0341880341880342,0.0113960113960114,0.0199430199430199,0.0997150997150997
"seq4029",0.0994318181818182,0.0397727272727273,0.0284090909090909,0.0568181818181818,0.0113636363636364,0.0596590909090909,0.00852272727272727,0.122159090909091,0.0284090909090909,0.0738636363636364,0.0653409090909091,0.0681818181818182,0.0426136363636364,0.0397727272727273,0.0596590909090909,0.0255681818181818,0.0369318181818182,0.0113636363636364,0.0170454545454545,0.105113636363636
"seq4030",0.068259385665529,0.0546075085324232,0.0238907849829352,0.0443686006825939,0.0068259385665529,0.0819112627986348,0.0477815699658703,0.102389078498294,0.0102389078498294,0.0648464163822526,0.109215017064846,0.0511945392491468,0.0170648464163823,0.0511945392491468,0.0477815699658703,0.0546075085324232,0.0511945392491468,0.0136518771331058,0.0443686006825939,0.0546075085324232
"seq4031",0.0608108108108108,0.0405405405405405,0.0304054054054054,0.0472972972972973,0.00337837837837838,0.0878378378378378,0.0371621621621622,0.0912162162162162,0.0135135135135135,0.0743243243243243,0.121621621621622,0.0608108108108108,0.0202702702702703,0.0371621621621622,0.0405405405405405,0.0675675675675676,0.0439189189189189,0.00337837837837838,0.0506756756756757,0.0675675675675676
"seq4032",0.0623229461756374,0.028328611898017,0.0538243626062323,0.056657223796034,0.0028328611898017,0.0708215297450425,0.0084985835694051,0.0708215297450425,0.0254957507082153,0.121813031161473,0.0679886685552408,0.0991501416430595,0.0198300283286119,0.0509915014164306,0.0339943342776204,0.0821529745042493,0.0424929178470255,0.0028328611898017,0.028328611898017,0.0708215297450425
"seq4033",0.0547945205479452,0.0821917808219178,0.023972602739726,0.0650684931506849,0.00342465753424658,0.0821917808219178,0.0205479452054795,0.0993150684931507,0.0102739726027397,0.0787671232876712,0.0993150684931507,0.0410958904109589,0.023972602739726,0.0445205479452055,0.0445205479452055,0.0582191780821918,0.0308219178082192,0.00684931506849315,0.0582191780821918,0.0719178082191781
"seq4034",0.0714285714285714,0.00892857142857143,0.139880952380952,0.068452380952381,0,0.0476190476190476,0.0505952380952381,0.0744047619047619,0.0297619047619048,0.0476190476190476,0.0446428571428571,0.0625,0.0148809523809524,0.0327380952380952,0.0863095238095238,0.0535714285714286,0.0744047619047619,0.00595238095238095,0.0208333333333333,0.0654761904761905
"seq4035",0.0764705882352941,0.0411764705882353,0.057843137254902,0.0735294117647059,0,0.0647058823529412,0.0372549019607843,0.0931372549019608,0.0362745098039216,0.0549019607843137,0.0607843137254902,0.0294117647058824,0.0196078431372549,0.0431372549019608,0.046078431372549,0.053921568627451,0.0686274509803922,0.0284313725490196,0.057843137254902,0.0568627450980392
"seq4036",0.111111111111111,0.0401234567901235,0.0339506172839506,0.0617283950617284,0.00617283950617284,0.0524691358024691,0.0462962962962963,0.0555555555555556,0.0154320987654321,0.0555555555555556,0.0833333333333333,0.0740740740740741,0.037037037037037,0.037037037037037,0.0524691358024691,0.0709876543209877,0.0493827160493827,0.00925925925925926,0.0308641975308642,0.0771604938271605
"seq4037",0.0357142857142857,0.0357142857142857,0.0238095238095238,0.0238095238095238,0.119047619047619,0.0476190476190476,0,0.130952380952381,0.0119047619047619,0.0714285714285714,0.0833333333333333,0.107142857142857,0.0357142857142857,0.0238095238095238,0.0357142857142857,0.0595238095238095,0.0119047619047619,0.0357142857142857,0.0595238095238095,0.0476190476190476
"seq4038",0.0670391061452514,0.0446927374301676,0.0446927374301676,0.0782122905027933,0.0167597765363128,0.0782122905027933,0.0223463687150838,0.0502793296089385,0.0111731843575419,0.100558659217877,0.0837988826815642,0.128491620111732,0.0223463687150838,0.0335195530726257,0.0167597765363128,0.0670391061452514,0.0111731843575419,0.0167597765363128,0.0502793296089385,0.0558659217877095
"seq4039",0.0631578947368421,0.0368421052631579,0.0421052631578947,0.0631578947368421,0,0.0894736842105263,0.0368421052631579,0.0631578947368421,0.0315789473684211,0.068421052631579,0.115789473684211,0.0473684210526316,0.0157894736842105,0.0473684210526316,0.0315789473684211,0.0736842105263158,0.0631578947368421,0.00526315789473684,0.0473684210526316,0.0578947368421053
"seq4040",0.0727848101265823,0.0443037974683544,0.0632911392405063,0.0474683544303797,0.0126582278481013,0.0664556962025316,0.0284810126582278,0.0632911392405063,0.00632911392405063,0.0727848101265823,0.0886075949367089,0.0822784810126582,0.0126582278481013,0.0506329113924051,0.0348101265822785,0.0632911392405063,0.069620253164557,0.00949367088607595,0.0411392405063291,0.069620253164557
"seq4041",0.0897212543554007,0.0209059233449477,0.078397212543554,0.0801393728222996,0.0139372822299652,0.0426829268292683,0.0235191637630662,0.0818815331010453,0.0121951219512195,0.0487804878048781,0.0444250871080139,0.0792682926829268,0.0252613240418118,0.0409407665505226,0.0522648083623693,0.0444250871080139,0.0757839721254355,0.0270034843205575,0.0496515679442509,0.068815331010453
"seq4042",0.0693512304250559,0.0648769574944072,0.0492170022371365,0.0648769574944072,0.0223713646532438,0.058165548098434,0.0514541387024608,0.0738255033557047,0.0335570469798658,0.0469798657718121,0.100671140939597,0.029082774049217,0.0268456375838926,0.0425055928411633,0.0402684563758389,0.0827740492170022,0.0223713646532438,0.0223713646532438,0.0447427293064877,0.0536912751677852
"seq4043",0.0532544378698225,0.0473372781065089,0.0769230769230769,0.0650887573964497,0.0236686390532544,0.0473372781065089,0.0473372781065089,0.0591715976331361,0.029585798816568,0.0769230769230769,0.0887573964497041,0.0946745562130177,0.0177514792899408,0.0414201183431953,0.029585798816568,0.0355029585798817,0.0355029585798817,0,0.0532544378698225,0.0769230769230769
"seq4044",0.0699708454810496,0.0291545189504373,0.0495626822157434,0.0962099125364431,0.0174927113702624,0.0524781341107872,0.0262390670553936,0.0932944606413994,0.0174927113702624,0.0816326530612245,0.0903790087463557,0.0699708454810496,0.0379008746355685,0.0379008746355685,0.0408163265306122,0.0524781341107872,0.0349854227405248,0.0145772594752187,0.0233236151603499,0.0641399416909621
"seq4045",0.0607407407407407,0.0696296296296296,0.0222222222222222,0.0355555555555556,0.00148148148148148,0.127407407407407,0.0192592592592593,0.0711111111111111,0.0251851851851852,0.0488888888888889,0.0844444444444444,0.0962962962962963,0.0133333333333333,0.0414814814814815,0.0488888888888889,0.0459259259259259,0.0444444444444444,0.0266666666666667,0.0444444444444444,0.0725925925925926
"seq4046",0.147169811320755,0.0452830188679245,0.0150943396226415,0.0679245283018868,0.00754716981132075,0.0339622641509434,0.0339622641509434,0.0943396226415094,0.0339622641509434,0.0264150943396226,0.0867924528301887,0.0188679245283019,0.0226415094339623,0.0377358490566038,0.0905660377358491,0.0452830188679245,0.0641509433962264,0.0188679245283019,0.0339622641509434,0.0754716981132075
"seq4047",0.138996138996139,0.0424710424710425,0.0424710424710425,0.0347490347490347,0.027027027027027,0.027027027027027,0.0463320463320463,0.11969111969112,0.00772200772200772,0.0386100386100386,0.0579150579150579,0.0347490347490347,0.0154440154440154,0.027027027027027,0.0463320463320463,0.0694980694980695,0.0772200772200772,0.0154440154440154,0.0347490347490347,0.0965250965250965
"seq4048",0.0630630630630631,0.0292792792792793,0.0472972972972973,0.0585585585585586,0,0.0653153153153153,0.0472972972972973,0.0518018018018018,0.0292792792792793,0.0405405405405405,0.117117117117117,0.101351351351351,0.0202702702702703,0.0540540540540541,0.0292792792792793,0.0743243243243243,0.045045045045045,0.0112612612612613,0.0315315315315315,0.0833333333333333
"seq4049",0.0784982935153584,0.0443686006825939,0.0477815699658703,0.068259385665529,0.0170648464163823,0.0784982935153584,0.0204778156996587,0.0853242320819113,0.0341296928327645,0.068259385665529,0.0750853242320819,0.0648464163822526,0.0204778156996587,0.0307167235494881,0.0307167235494881,0.0511945392491468,0.0341296928327645,0.0204778156996587,0.0546075085324232,0.0750853242320819
"seq4050",0.0611764705882353,0.04,0.0329411764705882,0.0541176470588235,0.0235294117647059,0.0611764705882353,0.0423529411764706,0.0564705882352941,0.0352941176470588,0.0635294117647059,0.0588235294117647,0.0588235294117647,0.0235294117647059,0.0517647058823529,0.0588235294117647,0.0705882352941176,0.0682352941176471,0.0117647058823529,0.0635294117647059,0.0635294117647059
"seq4051",0.11,0.084,0.024,0.078,0.006,0.052,0.018,0.102,0.026,0.028,0.074,0.02,0.012,0.02,0.064,0.052,0.052,0.03,0.04,0.108
"seq4052",0.0457516339869281,0.0555555555555556,0.0228758169934641,0.0784313725490196,0,0.0947712418300654,0.0196078431372549,0.0555555555555556,0.0163398692810458,0.0980392156862745,0.104575163398693,0.0947712418300654,0.0294117647058824,0.0326797385620915,0.042483660130719,0.0588235294117647,0.042483660130719,0,0.0490196078431373,0.0588235294117647
"seq4053",0.0711610486891386,0.0187265917602996,0.0786516853932584,0.0449438202247191,0.00749063670411985,0.0599250936329588,0.0337078651685393,0.0599250936329588,0.0262172284644195,0.0337078651685393,0.0861423220973783,0.0711610486891386,0.0187265917602996,0.0674157303370786,0.0674157303370786,0.0374531835205993,0.052434456928839,0.0299625468164794,0.0599250936329588,0.0749063670411985
"seq4054",0.0559210526315789,0.0592105263157895,0.0460526315789474,0.0460526315789474,0.00657894736842105,0.0953947368421053,0.0460526315789474,0.0625,0.0296052631578947,0.0559210526315789,0.0888157894736842,0.0526315789473684,0.0328947368421053,0.0361842105263158,0.0197368421052632,0.0822368421052632,0.0723684210526316,0.00328947368421053,0.0263157894736842,0.0822368421052632
"seq4055",0.253246753246753,0.0324675324675325,0.0584415584415584,0.0454545454545455,0.012987012987013,0.051948051948052,0.0324675324675325,0.0909090909090909,0.012987012987013,0.0194805194805195,0.0909090909090909,0.0649350649350649,0.0324675324675325,0.0194805194805195,0.0194805194805195,0.0324675324675325,0.038961038961039,0.00649350649350649,0.0324675324675325,0.051948051948052
"seq4056",0.0648648648648649,0.0216216216216216,0.0702702702702703,0.0324324324324324,0.0108108108108108,0.0864864864864865,0.0432432432432432,0.0810810810810811,0.027027027027027,0.102702702702703,0.108108108108108,0.0540540540540541,0.0108108108108108,0.027027027027027,0.0378378378378378,0.0540540540540541,0.0540540540540541,0.00540540540540541,0.0324324324324324,0.0756756756756757
"seq4057",0.115364982133742,0.0193976518631955,0.0515569167942828,0.0658499234303216,0.00408371618172537,0.0438999489535477,0.0234813680449209,0.0954568657478305,0.0107197549770291,0.0285860132720776,0.0571720265441552,0.074527820316488,0.0142930066360388,0.0209290454313425,0.0316488004083716,0.0724859622256253,0.132720775906075,0.0148034711587545,0.0347115875446656,0.0883103624298111
"seq4058",0.0900383141762452,0.0344827586206897,0.0383141762452107,0.0766283524904215,0.0172413793103448,0.0440613026819923,0.0383141762452107,0.0727969348659004,0.0268199233716475,0.0402298850574713,0.0804597701149425,0.0862068965517241,0.00766283524904215,0.0402298850574713,0.053639846743295,0.0689655172413793,0.0593869731800766,0.0134099616858238,0.0555555555555556,0.0555555555555556
"seq4059",0.0968421052631579,0.0505263157894737,0.0336842105263158,0.0652631578947368,0.00631578947368421,0.0610526315789474,0.0484210526315789,0.0884210526315789,0.0336842105263158,0.0821052631578947,0.0757894736842105,0.0484210526315789,0.0315789473684211,0.0315789473684211,0.0336842105263158,0.0547368421052632,0.0421052631578947,0.00421052631578947,0.0294736842105263,0.0821052631578947
"seq4060",0.0933014354066986,0.0598086124401914,0.0143540669856459,0.0645933014354067,0.0167464114832536,0.0502392344497608,0.0454545454545455,0.0909090909090909,0.0430622009569378,0.0550239234449761,0.105263157894737,0.0502392344497608,0.0263157894736842,0.0406698564593301,0.0382775119617225,0.0813397129186603,0.0239234449760766,0.0191387559808612,0.0430622009569378,0.0382775119617225
"seq4061",0.0548523206751055,0.0506329113924051,0.0253164556962025,0.080168776371308,0.0168776371308017,0.0675105485232067,0.0928270042194093,0.0506329113924051,0.0379746835443038,0.0759493670886076,0.113924050632911,0.0675105485232067,0.0168776371308017,0.0675105485232067,0.0168776371308017,0.0421940928270042,0.0337552742616034,0.0126582278481013,0.029535864978903,0.0464135021097046
"seq4062",0.201298701298701,0.025974025974026,0.051948051948052,0.025974025974026,0.012987012987013,0.0909090909090909,0.025974025974026,0.11038961038961,0.012987012987013,0.038961038961039,0.051948051948052,0.0714285714285714,0.038961038961039,0.0324675324675325,0.0194805194805195,0.038961038961039,0.0454545454545455,0.00649350649350649,0.025974025974026,0.0714285714285714
"seq4063",0.0662824207492795,0.037463976945245,0.0720461095100865,0.0662824207492795,0.0115273775216138,0.0605187319884726,0.0403458213256484,0.0547550432276657,0.0201729106628242,0.0634005763688761,0.0806916426512968,0.0778097982708934,0.0201729106628242,0.0432276657060519,0.0461095100864553,0.0518731988472622,0.0461095100864553,0.0230547550432277,0.0576368876080692,0.0605187319884726
"seq4064",0.109281437125749,0.0523952095808383,0.0404191616766467,0.0583832335329341,0.0224550898203593,0.0523952095808383,0.0718562874251497,0.0688622754491018,0.0269461077844311,0.0239520958083832,0.11377245508982,0.031437125748503,0.0194610778443114,0.0523952095808383,0.0553892215568862,0.0538922155688623,0.0464071856287425,0.0224550898203593,0.0254491017964072,0.0523952095808383
"seq4065",0.107784431137725,0.0523952095808383,0.0404191616766467,0.0583832335329341,0.0224550898203593,0.0538922155688623,0.0718562874251497,0.0688622754491018,0.0269461077844311,0.0239520958083832,0.115269461077844,0.031437125748503,0.0194610778443114,0.0508982035928144,0.0553892215568862,0.0538922155688623,0.0464071856287425,0.0224550898203593,0.0254491017964072,0.0523952095808383
"seq4066",0.0892857142857143,0.0535714285714286,0.0505952380952381,0.0416666666666667,0.00892857142857143,0.0714285714285714,0.0654761904761905,0.0714285714285714,0.0267857142857143,0.056547619047619,0.113095238095238,0.0386904761904762,0.0238095238095238,0.0505952380952381,0.0297619047619048,0.0476190476190476,0.056547619047619,0.00892857142857143,0.0476190476190476,0.0476190476190476
"seq4067",0.0573770491803279,0.0136612021857923,0.0655737704918033,0.0710382513661202,0.00546448087431694,0.0683060109289618,0.046448087431694,0.0765027322404372,0.0300546448087432,0.10655737704918,0.0765027322404372,0.0710382513661202,0.0300546448087432,0.0382513661202186,0.0300546448087432,0.040983606557377,0.046448087431694,0.00546448087431694,0.046448087431694,0.0737704918032787
"seq4068",0.119891008174387,0.0626702997275204,0.0190735694822888,0.0599455040871935,0.0217983651226158,0.0653950953678474,0.0245231607629428,0.100817438692098,0.0326975476839237,0.0599455040871935,0.100817438692098,0.0217983651226158,0.0217983651226158,0.0245231607629428,0.0572207084468665,0.0490463215258856,0.0517711171662125,0.0190735694822888,0.0245231607629428,0.0626702997275204
"seq4069",0.0801282051282051,0.0128205128205128,0.0512820512820513,0.0512820512820513,0.0192307692307692,0.0865384615384615,0.0384615384615385,0.0833333333333333,0.0352564102564103,0.0801282051282051,0.102564102564103,0.0833333333333333,0.0352564102564103,0.0288461538461538,0.0224358974358974,0.0480769230769231,0.0416666666666667,0.00641025641025641,0.0256410256410256,0.0673076923076923
"seq4070",0.12,0.08,0.0233333333333333,0.0533333333333333,0.0166666666666667,0.0633333333333333,0.03,0.09,0.0233333333333333,0.0933333333333333,0.09,0.04,0.0266666666666667,0.0166666666666667,0.0366666666666667,0.05,0.05,0.00333333333333333,0.0233333333333333,0.07
"seq4071",0.109704641350211,0.00843881856540084,0.0253164556962025,0.0548523206751055,0.00421940928270042,0.0843881856540084,0.0210970464135021,0.0843881856540084,0.0126582278481013,0.0843881856540084,0.0759493670886076,0.0717299578059072,0.0421940928270042,0.0548523206751055,0.0253164556962025,0.0886075949367089,0.0421940928270042,0.00421940928270042,0.0337552742616034,0.0717299578059072
"seq4072",0.143229166666667,0.0416666666666667,0.015625,0.0442708333333333,0.0078125,0.0703125,0.0260416666666667,0.0859375,0.0130208333333333,0.0572916666666667,0.0755208333333333,0.0703125,0.0390625,0.0208333333333333,0.0494791666666667,0.0390625,0.078125,0.00260416666666667,0.0104166666666667,0.109375
"seq4073",0.0729166666666667,0.03125,0.0416666666666667,0.0416666666666667,0.0416666666666667,0.0625,0.0520833333333333,0.03125,0,0.0833333333333333,0.166666666666667,0.0520833333333333,0.0208333333333333,0.0208333333333333,0.0520833333333333,0.09375,0.0729166666666667,0,0.0104166666666667,0.0520833333333333
"seq4074",0.120104438642298,0.0678851174934726,0.0130548302872063,0.0678851174934726,0.010443864229765,0.0574412532637076,0.0339425587467363,0.117493472584856,0.0287206266318538,0.0522193211488251,0.0861618798955614,0.0287206266318538,0.0339425587467363,0.02088772845953,0.0522193211488251,0.0339425587467363,0.0417754569190601,0.0182767624020888,0.0182767624020888,0.0966057441253264
"seq4075",0.0641025641025641,0.0358974358974359,0.0512820512820513,0.0666666666666667,0.00256410256410256,0.0666666666666667,0.0282051282051282,0.0666666666666667,0.0230769230769231,0.0615384615384615,0.0820512820512821,0.0897435897435897,0.0102564102564103,0.0666666666666667,0.0256410256410256,0.058974358974359,0.0615384615384615,0.00512820512820513,0.0717948717948718,0.0615384615384615
"seq4076",0.0864745011086474,0.041019955654102,0.0432372505543237,0.0509977827050998,0.0177383592017738,0.0720620842572062,0.0399113082039911,0.0886917960088692,0.0177383592017738,0.0554323725055432,0.0886917960088692,0.0643015521064302,0.0210643015521064,0.0487804878048781,0.0465631929046563,0.0476718403547672,0.0543237250554324,0.0121951219512195,0.0210643015521064,0.082039911308204
"seq4077",0.135211267605634,0.0535211267605634,0.0309859154929577,0.0676056338028169,0.00563380281690141,0.0676056338028169,0.0309859154929577,0.0845070422535211,0.0169014084507042,0.0535211267605634,0.104225352112676,0.0507042253521127,0.028169014084507,0.0309859154929577,0.0563380281690141,0.0507042253521127,0.028169014084507,0.00563380281690141,0.028169014084507,0.0704225352112676
"seq4078",0.110810810810811,0.0594594594594595,0.0243243243243243,0.0567567567567568,0.00810810810810811,0.0648648648648649,0.0351351351351351,0.0783783783783784,0.0162162162162162,0.0594594594594595,0.105405405405405,0.0324324324324324,0.027027027027027,0.0189189189189189,0.0378378378378378,0.0837837837837838,0.0513513513513514,0.00810810810810811,0.0243243243243243,0.0972972972972973
"seq4079",0.0638297872340425,0.0297872340425532,0.051063829787234,0.0680851063829787,0.0212765957446809,0.0808510638297872,0.00851063829787234,0.0723404255319149,0.00425531914893617,0.0936170212765957,0.0723404255319149,0.119148936170213,0.0297872340425532,0.025531914893617,0.0127659574468085,0.0340425531914894,0.0765957446808511,0,0.0425531914893617,0.0936170212765957
"seq4080",0.10126582278481,0.0784810126582278,0.0329113924050633,0.0810126582278481,0.010126582278481,0.0556962025316456,0.030379746835443,0.0784810126582278,0.020253164556962,0.0430379746835443,0.0962025316455696,0.0405063291139241,0.020253164556962,0.0379746835443038,0.0683544303797468,0.030379746835443,0.030379746835443,0.020253164556962,0.0531645569620253,0.0708860759493671
"seq4081",0.071969696969697,0.0568181818181818,0.0303030303030303,0.0416666666666667,0.00757575757575758,0.128787878787879,0.0189393939393939,0.0681818181818182,0.0189393939393939,0.0795454545454545,0.0643939393939394,0.0492424242424242,0.0606060606060606,0.0378787878787879,0.0454545454545455,0.0378787878787879,0.053030303030303,0.0151515151515152,0.0303030303030303,0.0833333333333333
"seq4082",0.0723684210526316,0.0394736842105263,0.0285087719298246,0.0460526315789474,0.0131578947368421,0.0964912280701754,0.0394736842105263,0.0789473684210526,0.0219298245614035,0.087719298245614,0.0921052631578947,0.0899122807017544,0.0285087719298246,0.0175438596491228,0.037280701754386,0.0526315789473684,0.0635964912280702,0,0.0263157894736842,0.0679824561403509
"seq4083",0.0483870967741935,0.0376344086021505,0.0268817204301075,0.032258064516129,0,0.102150537634409,0.010752688172043,0.10752688172043,0.0161290322580645,0.0860215053763441,0.0698924731182796,0.0967741935483871,0.021505376344086,0.0860215053763441,0.0376344086021505,0.0591397849462366,0.0376344086021505,0.0161290322580645,0.0483870967741935,0.0591397849462366
"seq4084",0.076271186440678,0.0367231638418079,0.0395480225988701,0.0734463276836158,0.00282485875706215,0.0819209039548023,0.0367231638418079,0.0593220338983051,0.019774011299435,0.0649717514124294,0.0706214689265537,0.0988700564971751,0.0254237288135593,0.0480225988700565,0.0536723163841808,0.0451977401129944,0.0367231638418079,0.00282485875706215,0.0423728813559322,0.0847457627118644
"seq4085",0.0418604651162791,0.0372093023255814,0.0395348837209302,0.0465116279069767,0.00465116279069767,0.102325581395349,0.013953488372093,0.0790697674418605,0.0325581395348837,0.0418604651162791,0.111627906976744,0.0837209302325581,0.0302325581395349,0.0697674418604651,0.0348837209302326,0.0744186046511628,0.0395348837209302,0.00697674418604651,0.0441860465116279,0.0651162790697674
"seq4086",0.062992125984252,0.0433070866141732,0.0236220472440945,0.0551181102362205,0.015748031496063,0.0708661417322835,0.0078740157480315,0.0905511811023622,0.015748031496063,0.078740157480315,0.118110236220472,0.106299212598425,0.00393700787401575,0.047244094488189,0.0354330708661417,0.0551181102362205,0.0433070866141732,0,0.0354330708661417,0.0905511811023622
"seq4087",0.147826086956522,0.0130434782608696,0.0391304347826087,0.0608695652173913,0,0.0652173913043478,0.0565217391304348,0.0695652173913043,0.0391304347826087,0.0782608695652174,0.091304347826087,0.0304347826086957,0.0304347826086957,0.0434782608695652,0.0173913043478261,0.0521739130434783,0.0391304347826087,0.00434782608695652,0.0260869565217391,0.0956521739130435
"seq4088",0.0958904109589041,0.0328767123287671,0.0465753424657534,0.0657534246575342,0.010958904109589,0.0712328767123288,0.0383561643835616,0.0684931506849315,0.0301369863013699,0.0876712328767123,0.0931506849315069,0.0767123287671233,0.0136986301369863,0.0410958904109589,0.0246575342465753,0.0465753424657534,0.0465753424657534,0.00821917808219178,0.0219178082191781,0.0794520547945206
"seq4089",0.133620689655172,0.0387931034482759,0.0344827586206897,0.0517241379310345,0.0172413793103448,0.0646551724137931,0.0387931034482759,0.0948275862068965,0.0258620689655172,0.0775862068965517,0.0905172413793103,0.0431034482758621,0.021551724137931,0.0344827586206897,0.021551724137931,0.0517241379310345,0.0431034482758621,0,0.0172413793103448,0.0991379310344828
"seq4090",0.10546875,0.0234375,0.01953125,0.05078125,0.00390625,0.04296875,0.0546875,0.06640625,0.015625,0.1015625,0.125,0.06640625,0.02734375,0.03515625,0.04296875,0.09765625,0.06640625,0,0.01171875,0.04296875
"seq4091",0.0240963855421687,0.0240963855421687,0.0662650602409639,0.0843373493975904,0.0240963855421687,0.114457831325301,0.00602409638554217,0.0662650602409639,0.0481927710843374,0.132530120481928,0.072289156626506,0.0602409638554217,0.0180722891566265,0.0481927710843374,0.0180722891566265,0.0301204819277108,0.0481927710843374,0.00602409638554217,0.0301204819277108,0.0783132530120482
"seq4092",0.096,0.028,0.036,0.064,0.012,0.064,0.02,0.06,0.024,0.084,0.116,0.092,0.016,0.06,0.02,0.052,0.052,0.004,0.048,0.052
"seq4093",0.0967741935483871,0.043010752688172,0.025089605734767,0.0537634408602151,0.017921146953405,0.0501792114695341,0.0716845878136201,0.0824372759856631,0.025089605734767,0.0645161290322581,0.136200716845878,0.03584229390681,0.017921146953405,0.014336917562724,0.0501792114695341,0.0573476702508961,0.0609318996415771,0.010752688172043,0.025089605734767,0.0609318996415771
"seq4094",0.0579150579150579,0.0308880308880309,0.0656370656370656,0.0424710424710425,0.0115830115830116,0.0501930501930502,0.0308880308880309,0.108108108108108,0.0540540540540541,0.0926640926640927,0.0540540540540541,0.0579150579150579,0.0193050193050193,0.0463320463320463,0.0347490347490347,0.0656370656370656,0.0463320463320463,0,0.0308880308880309,0.1003861003861
"seq4095",0.0866510538641686,0.0515222482435597,0.0257611241217799,0.0679156908665105,0.0117096018735363,0.0421545667447307,0.0304449648711944,0.0749414519906323,0.0257611241217799,0.0398126463700234,0.107728337236534,0.0398126463700234,0.0234192037470726,0.0515222482435597,0.0725995316159251,0.0702576112412178,0.0585480093676815,0.0140515222482436,0.0374707259953162,0.0679156908665105
"seq4096",0.0664335664335664,0.048951048951049,0.0454545454545455,0.0874125874125874,0.0034965034965035,0.0629370629370629,0.020979020979021,0.0524475524475524,0.027972027972028,0.101398601398601,0.0699300699300699,0.0769230769230769,0.0174825174825175,0.0244755244755245,0.0244755244755245,0.0874125874125874,0.0454545454545455,0,0.0559440559440559,0.0804195804195804
"seq4097",0.0870870870870871,0.015015015015015,0.048048048048048,0.0630630630630631,0,0.0570570570570571,0.042042042042042,0.0870870870870871,0.03003003003003,0.0660660660660661,0.0900900900900901,0.0660660660660661,0.033033033033033,0.045045045045045,0.039039039039039,0.033033033033033,0.0750750750750751,0.00900900900900901,0.0510510510510511,0.0630630630630631
"seq4098",0.050251256281407,0.0201005025125628,0.0653266331658292,0.0703517587939698,0.00753768844221105,0.0577889447236181,0.0226130653266332,0.0477386934673367,0.0125628140703518,0.115577889447236,0.092964824120603,0.108040201005025,0.0226130653266332,0.0452261306532663,0.0201005025125628,0.0728643216080402,0.0477386934673367,0.0100502512562814,0.0703517587939698,0.0402010050251256
"seq4099",0.109170305676856,0.0611353711790393,0.0393013100436681,0.0633187772925764,0.00436681222707424,0.074235807860262,0.0458515283842795,0.0655021834061135,0.0240174672489083,0.0764192139737991,0.0873362445414847,0.037117903930131,0.0240174672489083,0.0283842794759825,0.037117903930131,0.0436681222707424,0.0502183406113537,0,0.0240174672489083,0.104803493449782
"seq4100",0.104368932038835,0.087378640776699,0.0315533980582524,0.0752427184466019,0.0194174757281553,0.0558252427184466,0.0509708737864078,0.0728155339805825,0.0315533980582524,0.0703883495145631,0.101941747572816,0.0218446601941748,0.0242718446601942,0.029126213592233,0.0388349514563107,0.0436893203883495,0.0485436893203883,0.00970873786407767,0.0242718446601942,0.058252427184466
"seq4101",0.0714285714285714,0.0357142857142857,0.0476190476190476,0.0238095238095238,0.0476190476190476,0.101190476190476,0.0416666666666667,0.0833333333333333,0.0297619047619048,0.0773809523809524,0.0833333333333333,0.0773809523809524,0.0238095238095238,0.0119047619047619,0.0357142857142857,0.0357142857142857,0.0654761904761905,0.0119047619047619,0.0297619047619048,0.0654761904761905
"seq4102",0.0522388059701493,0.0447761194029851,0.0597014925373134,0.0522388059701493,0.00746268656716418,0.0746268656716418,0.0149253731343284,0.0746268656716418,0.0373134328358209,0.149253731343284,0.0597014925373134,0.0746268656716418,0.0223880597014925,0.0373134328358209,0.0298507462686567,0.0597014925373134,0.0597014925373134,0.0149253731343284,0,0.0746268656716418
"seq4103",0.0605726872246696,0.0462555066079295,0.0429515418502203,0.0484581497797357,0.013215859030837,0.0583700440528634,0.0352422907488987,0.0649779735682819,0.0165198237885463,0.0638766519823789,0.102422907488987,0.0627753303964758,0.0341409691629956,0.0517621145374449,0.0407488986784141,0.0781938325991189,0.0616740088105727,0.0176211453744493,0.0352422907488987,0.0649779735682819
"seq4104",0.0621621621621622,0.0432432432432432,0.0459459459459459,0.0540540540540541,0.0189189189189189,0.0648648648648649,0.0216216216216216,0.0945945945945946,0.0162162162162162,0.0459459459459459,0.118918918918919,0.0675675675675676,0.0216216216216216,0.0594594594594595,0.0297297297297297,0.0702702702702703,0.0540540540540541,0.00810810810810811,0.0405405405405405,0.0621621621621622
"seq4105",0.0562913907284768,0.0397350993377483,0.0496688741721854,0.0629139072847682,0.00662251655629139,0.0894039735099338,0.0264900662251656,0.076158940397351,0.00993377483443709,0.0927152317880795,0.0860927152317881,0.0894039735099338,0.033112582781457,0.0596026490066225,0.0165562913907285,0.0397350993377483,0.0596026490066225,0,0.043046357615894,0.0629139072847682
"seq4106",0.082010582010582,0.037037037037037,0.0211640211640212,0.0555555555555556,0.00264550264550265,0.0978835978835979,0.0291005291005291,0.0661375661375661,0.0555555555555556,0.0740740740740741,0.103174603174603,0.0767195767195767,0.0264550264550265,0.0317460317460317,0.0238095238095238,0.0608465608465608,0.044973544973545,0.00793650793650794,0.0264550264550265,0.0767195767195767
"seq4107",0.0839532412327311,0.0308182784272051,0.0658873538788523,0.0722635494155154,0,0.0892667375132837,0.026567481402763,0.0680127523910733,0.0170031880977683,0.0626992561105207,0.0690754516471838,0.0382571732199787,0.0170031880977683,0.0393198724760893,0.0446333687566419,0.0765143464399575,0.0722635494155154,0.0255047821466525,0.0393198724760893,0.0616365568544102
