"","A","R","N","D","C","E","Q","G","H","I","L","K","M","F","P","S","T","W","Y","V"
"seq3501",0.112903225806452,0.067741935483871,0.0354838709677419,0.0419354838709677,0.00967741935483871,0.067741935483871,0.0258064516129032,0.0870967741935484,0.0387096774193548,0.0516129032258065,0.0903225806451613,0.0258064516129032,0.0290322580645161,0.0516129032258065,0.0645161290322581,0.0516129032258065,0.0612903225806452,0.00967741935483871,0.0193548387096774,0.0580645161290323
"seq3502",0.121546961325967,0.0331491712707182,0.0331491712707182,0.0662983425414365,0.0138121546961326,0.0607734806629834,0.0165745856353591,0.0773480662983425,0.0331491712707182,0.0414364640883978,0.0883977900552486,0.0607734806629834,0.0441988950276243,0.0386740331491713,0.0469613259668508,0.0469613259668508,0.0414364640883978,0.0138121546961326,0.0359116022099447,0.0856353591160221
"seq3503",0.105978260869565,0.0190217391304348,0.0407608695652174,0.0516304347826087,0.0135869565217391,0.0597826086956522,0.0135869565217391,0.0733695652173913,0.0244565217391304,0.0625,0.0978260869565217,0.0625,0.0380434782608696,0.0489130434782609,0.0625,0.0597826086956522,0.0543478260869565,0.00815217391304348,0.0353260869565217,0.0679347826086956
"seq3504",0.0630841121495327,0.0537383177570093,0.0420560747663551,0.0560747663551402,0.0303738317757009,0.0747663551401869,0.0257009345794393,0.0537383177570093,0.0257009345794393,0.0724299065420561,0.0771028037383178,0.0514018691588785,0.0257009345794393,0.0537383177570093,0.0327102803738318,0.0794392523364486,0.0514018691588785,0.014018691588785,0.0303738317757009,0.0864485981308411
"seq3505",0.0845921450151057,0.0362537764350453,0.0574018126888218,0.0725075528700906,0.00604229607250755,0.054380664652568,0.0513595166163142,0.0574018126888218,0.0302114803625378,0.0453172205438066,0.0755287009063444,0.0604229607250755,0.0120845921450151,0.0483383685800604,0.0604229607250755,0.0604229607250755,0.0453172205438066,0.0151057401812689,0.0604229607250755,0.0664652567975831
"seq3506",0.0935960591133005,0.0558292282430213,0.0558292282430213,0.0706075533661741,0.00328407224958949,0.0607553366174056,0.0328407224958949,0.0755336617405583,0.0197044334975369,0.0476190476190476,0.0656814449917898,0.0311986863711002,0.0213464696223317,0.0509031198686371,0.100164203612479,0.0394088669950739,0.0591133004926108,0.0180623973727422,0.0344827586206897,0.0640394088669951
"seq3507",0.111111111111111,0.0566037735849057,0.0628930817610063,0.0649895178197065,0.0209643605870021,0.0251572327044025,0.0566037735849057,0.10482180293501,0.0146750524109015,0.0335429769392034,0.0691823899371069,0.0272536687631027,0.0167714884696017,0.0251572327044025,0.0272536687631027,0.0922431865828092,0.0628930817610063,0.0293501048218029,0.0293501048218029,0.0691823899371069
"seq3508",0.0995024875621891,0.0497512437810945,0.0348258706467662,0.0522388059701493,0.0199004975124378,0.0646766169154229,0.027363184079602,0.082089552238806,0.0223880597014925,0.0522388059701493,0.109452736318408,0.0597014925373134,0.0298507462686567,0.0298507462686567,0.0398009950248756,0.0522388059701493,0.0572139303482587,0.00746268656716418,0.0248756218905473,0.0845771144278607
"seq3509",0.0597014925373134,0.0858208955223881,0.0149253731343284,0.0373134328358209,0.0447761194029851,0.0895522388059701,0.0447761194029851,0.0746268656716418,0.0111940298507463,0.0223880597014925,0.0671641791044776,0.041044776119403,0.0298507462686567,0.0298507462686567,0.111940298507463,0.0783582089552239,0.0335820895522388,0.0261194029850746,0.0373134328358209,0.0597014925373134
"seq3510",0.0574162679425837,0.0239234449760766,0.0239234449760766,0.0574162679425837,0.00478468899521531,0.114832535885167,0.0334928229665072,0.076555023923445,0.0191387559808612,0.0717703349282297,0.0669856459330144,0.0813397129186603,0.0287081339712919,0.0478468899521531,0.0287081339712919,0.0669856459330144,0.0574162679425837,0.00956937799043062,0.0287081339712919,0.100478468899522
"seq3511",0.0625,0.0330882352941176,0.0367647058823529,0.0661764705882353,0.00367647058823529,0.0772058823529412,0.0441176470588235,0.0955882352941176,0.0294117647058824,0.0551470588235294,0.0845588235294118,0.0551470588235294,0.0367647058823529,0.0477941176470588,0.0367647058823529,0.0588235294117647,0.0588235294117647,0.00735294117647059,0.0441176470588235,0.0661764705882353
"seq3512",0.0325581395348837,0.0232558139534884,0.111627906976744,0.0372093023255814,0.027906976744186,0.0465116279069767,0.0186046511627907,0.0883720930232558,0.0372093023255814,0.111627906976744,0.0604651162790698,0.0651162790697674,0.0372093023255814,0.013953488372093,0.0232558139534884,0.0697674418604651,0.0744186046511628,0.00930232558139535,0.0372093023255814,0.0744186046511628
"seq3513",0.103942652329749,0.025089605734767,0.032258064516129,0.03584229390681,0,0.0716845878136201,0.021505376344086,0.0681003584229391,0.017921146953405,0.0788530465949821,0.10752688172043,0.0824372759856631,0.025089605734767,0.021505376344086,0.028673835125448,0.0896057347670251,0.0716845878136201,0.003584229390681,0.028673835125448,0.0860215053763441
"seq3514",0.0921052631578947,0.0210526315789474,0.0342105263157895,0.0526315789473684,0.0421052631578947,0.0447368421052632,0.0157894736842105,0.102631578947368,0.0157894736842105,0.0815789473684211,0.0789473684210526,0.0868421052631579,0.0131578947368421,0.05,0.0447368421052632,0.0605263157894737,0.0710526315789474,0.00789473684210526,0.0131578947368421,0.0710526315789474
"seq3515",0.0884615384615385,0.0538461538461538,0.0461538461538462,0.0346153846153846,0.0192307692307692,0.0461538461538462,0.05,0.0653846153846154,0.0538461538461538,0.0384615384615385,0.119230769230769,0.0384615384615385,0.0269230769230769,0.0461538461538462,0.0692307692307692,0.0730769230769231,0.0384615384615385,0.0307692307692308,0.0153846153846154,0.0461538461538462
"seq3516",0.0484581497797357,0.0220264317180617,0.0748898678414097,0.0484581497797357,0.00881057268722467,0.0616740088105727,0.0308370044052863,0.052863436123348,0.026431718061674,0.0837004405286344,0.0969162995594714,0.0748898678414097,0.0440528634361234,0.0440528634361234,0.0440528634361234,0.0616740088105727,0.0616740088105727,0.00881057268722467,0.026431718061674,0.079295154185022
"seq3517",0.0762463343108504,0.032258064516129,0.0410557184750733,0.0381231671554252,0.032258064516129,0.032258064516129,0.0586510263929619,0.0909090909090909,0.0381231671554252,0.0791788856304985,0.093841642228739,0.0293255131964809,0.0205278592375367,0.0351906158357771,0.0586510263929619,0.0586510263929619,0.0527859237536657,0.0234604105571848,0.0439882697947214,0.0645161290322581
"seq3518",0.0775193798449612,0.0609080841638981,0.0487264673311185,0.0431893687707641,0.0110741971207087,0.0642303433001107,0.035437430786268,0.0609080841638981,0.0210409745293466,0.0675526024363234,0.0863787375415282,0.0575858250276855,0.0310077519379845,0.0509413067552602,0.0420819490586932,0.0719822812846069,0.0542635658914729,0.0155038759689922,0.0287929125138427,0.070874861572536
"seq3519",0.0822281167108753,0.0318302387267905,0.0344827586206897,0.0583554376657825,0.0530503978779841,0.0424403183023873,0.0185676392572944,0.0875331564986737,0.00795755968169761,0.0742705570291777,0.0769230769230769,0.0795755968169761,0.013262599469496,0.0424403183023873,0.0503978779840849,0.0636604774535809,0.0716180371352785,0.00795755968169761,0.0159151193633952,0.0875331564986737
"seq3520",0.054380664652568,0.0332326283987915,0.0211480362537764,0.0664652567975831,0.0362537764350453,0.0634441087613293,0.0453172205438066,0.0876132930513595,0.0302114803625378,0.0604229607250755,0.114803625377644,0.0453172205438066,0.027190332326284,0.0392749244712991,0.0362537764350453,0.0755287009063444,0.0362537764350453,0.0211480362537764,0.0332326283987915,0.0725075528700906
"seq3521",0.0825688073394495,0.0642201834862385,0.0642201834862385,0.073394495412844,0.00917431192660551,0.0688073394495413,0.036697247706422,0.055045871559633,0.018348623853211,0.0688073394495413,0.0825688073394495,0.0596330275229358,0.00917431192660551,0.0321100917431193,0.0229357798165138,0.0688073394495413,0.0642201834862385,0.00917431192660551,0.036697247706422,0.073394495412844
"seq3522",0.0595647193585338,0.0412371134020619,0.0504009163802978,0.0916380297823597,0.0767468499427262,0.0652920962199313,0.0343642611683849,0.0756013745704467,0.0194730813287514,0.0584192439862543,0.0652920962199313,0.0515463917525773,0.0126002290950745,0.0217640320733104,0.0423825887743414,0.0813287514318442,0.0515463917525773,0.0240549828178694,0.0217640320733104,0.0549828178694158
"seq3523",0.159509202453988,0.0858895705521472,0.0245398773006135,0.0368098159509202,0.0306748466257669,0.0613496932515337,0.049079754601227,0.0674846625766871,0.0184049079754601,0.0245398773006135,0.0920245398773006,0.0184049079754601,0.0245398773006135,0.0306748466257669,0.0920245398773006,0.0429447852760736,0.0429447852760736,0.00613496932515337,0.0184049079754601,0.0736196319018405
"seq3524",0.0883977900552486,0.0810313075506446,0.0441988950276243,0.0497237569060773,0.0147329650092081,0.0423572744014733,0.0497237569060773,0.0589318600368324,0.0276243093922652,0.0313075506445672,0.112338858195212,0.0276243093922652,0.0257826887661142,0.0626151012891344,0.0626151012891344,0.0699815837937385,0.0423572744014733,0.0128913443830571,0.0165745856353591,0.0791896869244936
"seq3525",0.0996884735202492,0.0498442367601246,0.0560747663551402,0.0560747663551402,0.0124610591900312,0.0685358255451713,0.0311526479750779,0.109034267912773,0.0311526479750779,0.0685358255451713,0.0903426791277259,0.0373831775700935,0.0249221183800623,0.0311526479750779,0.0280373831775701,0.0404984423676012,0.0778816199376947,0.00311526479750779,0.0280373831775701,0.0560747663551402
"seq3526",0.0663129973474801,0.0503978779840849,0.0503978779840849,0.0477453580901857,0.0185676392572944,0.0954907161803713,0.0238726790450928,0.0875331564986737,0.0291777188328912,0.0610079575596817,0.0636604774535809,0.0716180371352785,0.0397877984084881,0.0503978779840849,0.0318302387267905,0.0610079575596817,0.0503978779840849,0.0185676392572944,0.0344827586206897,0.0477453580901857
"seq3527",0.0594202898550725,0.0565217391304348,0.0507246376811594,0.0463768115942029,0.0304347826086957,0.0666666666666667,0.0434782608695652,0.072463768115942,0.0405797101449275,0.0507246376811594,0.108695652173913,0.0391304347826087,0.0130434782608696,0.0217391304347826,0.0579710144927536,0.0869565217391304,0.0579710144927536,0.0101449275362319,0.0217391304347826,0.0652173913043478
"seq3528",0.0517560073937153,0.0388170055452865,0.0480591497227357,0.0702402957486137,0.00184842883548983,0.0720887245841035,0.0351201478743068,0.0739371534195934,0.0184842883548983,0.0609981515711645,0.0813308687615527,0.0720887245841035,0.0203327171903882,0.0295748613678373,0.0517560073937153,0.0683918669131238,0.0573012939001848,0.0351201478743068,0.0369685767097967,0.0757855822550832
"seq3529",0.106936416184971,0.0679190751445087,0.0187861271676301,0.0404624277456647,0.0375722543352601,0.0664739884393064,0.0433526011560694,0.088150289017341,0.0390173410404624,0.0260115606936416,0.104046242774566,0.0216763005780347,0.0130057803468208,0.023121387283237,0.0563583815028902,0.0765895953757225,0.0606936416184971,0.0130057803468208,0.0158959537572254,0.0809248554913295
"seq3530",0.0614709110867179,0.0241492864983535,0.0625686059275521,0.0658616904500549,0.00548847420417124,0.0548847420417124,0.0285400658616905,0.0823271130625686,0.00878155872667398,0.0724478594950604,0.0669593852908891,0.0998902305159166,0.0197585071350165,0.0493962678375412,0.0395170142700329,0.0570801317233809,0.0482985729967069,0.0285400658616905,0.0559824368825467,0.0680570801317234
"seq3531",0.0593080724876442,0.0757825370675453,0.0354200988467875,0.057660626029654,0.0238879736408567,0.085667215815486,0.0461285008237232,0.0560131795716639,0.0345963756177924,0.0329489291598023,0.0757825370675453,0.0724876441515651,0.0230642504118616,0.0238879736408567,0.07166392092257,0.0906095551894563,0.0453047775947282,0.0107084019769358,0.0271828665568369,0.0518945634266886
"seq3532",0.0536277602523659,0.056782334384858,0.0473186119873817,0.0504731861198738,0.00315457413249211,0.113564668769716,0.00946372239747634,0.0725552050473186,0.0315457413249211,0.0914826498422713,0.0694006309148265,0.0851735015772871,0.0126182965299685,0.056782334384858,0.0410094637223975,0.0441640378548896,0.0315457413249211,0.0473186119873817,0.0347003154574132,0.0473186119873817
"seq3533",0.0578512396694215,0.0330578512396694,0.00826446280991736,0.0661157024793388,0,0.132231404958678,0.0165289256198347,0.0702479338842975,0.0165289256198347,0.0578512396694215,0.0867768595041322,0.119834710743802,0.0289256198347107,0.0413223140495868,0.0537190082644628,0.0330578512396694,0.0247933884297521,0.012396694214876,0.0413223140495868,0.0991735537190083
"seq3534",0.131455399061033,0.0892018779342723,0.0375586854460094,0.0328638497652582,0,0.07981220657277,0.0516431924882629,0.0892018779342723,0.0187793427230047,0.07981220657277,0.112676056338028,0.0187793427230047,0.0234741784037559,0.0187793427230047,0.028169014084507,0.0610328638497653,0.0234741784037559,0.00469483568075117,0.028169014084507,0.0704225352112676
"seq3535",0.075,0.01875,0.0625,0.05,0,0.0875,0.0125,0.0875,0.025,0.08125,0.05625,0.09375,0.0125,0.05,0.05,0.06875,0.05,0,0.04375,0.075
"seq3536",0.06875,0.01875,0.05625,0.05625,0,0.0875,0.0125,0.0875,0.025,0.08125,0.05625,0.09375,0.0125,0.05,0.05,0.06875,0.05625,0,0.04375,0.075
"seq3537",0.0691823899371069,0.00628930817610063,0.0251572327044025,0.050314465408805,0,0.106918238993711,0.00628930817610063,0.10062893081761,0.0440251572327044,0.125786163522013,0.050314465408805,0.113207547169811,0.00628930817610063,0.0377358490566038,0.0377358490566038,0.0754716981132075,0.0314465408805031,0,0.050314465408805,0.0628930817610063
"seq3538",0.0927152317880795,0.0132450331125828,0.0198675496688742,0.0794701986754967,0,0.0596026490066225,0.0198675496688742,0.119205298013245,0.00662251655629139,0.0662251655629139,0.0794701986754967,0.0993377483443709,0.00662251655629139,0.0463576158940397,0.0264900662251656,0.0860927152317881,0.0728476821192053,0,0.0264900662251656,0.0794701986754967
"seq3539",0.0845070422535211,0.028169014084507,0.0704225352112676,0.0563380281690141,0.00469483568075117,0.0985915492957746,0.0234741784037559,0.0704225352112676,0.0328638497652582,0.0610328638497653,0.0892018779342723,0.0938967136150235,0.0234741784037559,0.0469483568075117,0.0375586854460094,0.0234741784037559,0.0234741784037559,0.00938967136150235,0.0657276995305164,0.0563380281690141
"seq3540",0.0588235294117647,0.0672268907563025,0.030812324929972,0.0644257703081232,0,0.092436974789916,0.0336134453781513,0.0476190476190476,0.00840336134453781,0.0840336134453782,0.120448179271709,0.0728291316526611,0.0140056022408964,0.0252100840336134,0.0280112044817927,0.0672268907563025,0.0532212885154062,0.00280112044817927,0.0392156862745098,0.0896358543417367
"seq3541",0.0847457627118644,0.019774011299435,0.0677966101694915,0.0649717514124294,0.0112994350282486,0.0706214689265537,0.0282485875706215,0.0932203389830508,0.0225988700564972,0.0677966101694915,0.0903954802259887,0.0875706214689266,0.0112994350282486,0.0338983050847458,0.0338983050847458,0.0621468926553672,0.0254237288135593,0.0112994350282486,0.0395480225988701,0.0734463276836158
"seq3542",0.08,0.0975,0.015,0.0525,0.0325,0.1075,0.0475,0.05,0.025,0.0275,0.0875,0.0325,0.015,0.0375,0.06,0.09,0.0525,0.015,0.0125,0.0625
"seq3543",0.102803738317757,0.116822429906542,0.0327102803738318,0.0373831775700935,0.00934579439252336,0.102803738317757,0.0420560747663551,0.0747663551401869,0.0233644859813084,0.0373831775700935,0.0981308411214953,0.00934579439252336,0.014018691588785,0.0233644859813084,0.0747663551401869,0.0560747663551402,0.0420560747663551,0.0280373831775701,0.0280373831775701,0.0467289719626168
"seq3544",0.0643564356435644,0.0610561056105611,0.0495049504950495,0.0478547854785479,0.0247524752475248,0.0577557755775578,0.037953795379538,0.0891089108910891,0.0214521452145215,0.0462046204620462,0.100660066006601,0.0511551155115512,0.0214521452145215,0.0412541254125413,0.0610561056105611,0.0792079207920792,0.0363036303630363,0.0280528052805281,0.0346534653465347,0.0462046204620462
"seq3545",0.0613496932515337,0.0460122699386503,0.0429447852760736,0.0736196319018405,0.00306748466257669,0.0858895705521472,0.0153374233128834,0.0582822085889571,0.00613496932515337,0.0674846625766871,0.0950920245398773,0.125766871165644,0.0276073619631902,0.0398773006134969,0.0398773006134969,0.0398773006134969,0.0398773006134969,0.00920245398773006,0.0521472392638037,0.0705521472392638
"seq3546",0.0530973451327434,0.0619469026548673,0.0501474926253687,0.0678466076696165,0.0117994100294985,0.079646017699115,0.056047197640118,0.0825958702064897,0.0176991150442478,0.0766961651917404,0.0943952802359882,0.0737463126843658,0.0176991150442478,0.0442477876106195,0.0324483775811209,0.0412979351032448,0.0530973451327434,0.0117994100294985,0.023598820058997,0.0501474926253687
"seq3547",0.0663811563169165,0.0406852248394004,0.0406852248394004,0.0620985010706638,0.0214132762312634,0.0471092077087794,0.0406852248394004,0.0706638115631692,0.019271948608137,0.0385438972162741,0.0899357601713062,0.0321199143468951,0.0107066381156317,0.0535331905781585,0.0513918629550321,0.11134903640257,0.0856531049250535,0.00856531049250535,0.0406852248394004,0.0685224839400428
"seq3548",0.0693739424703892,0.0473773265651438,0.0219966159052453,0.0626057529610829,0.0135363790186125,0.089678510998308,0.0439932318104907,0.0727580372250423,0.0169204737732657,0.0287648054145516,0.0930626057529611,0.104906937394247,0.0203045685279188,0.0236886632825719,0.0558375634517767,0.0693739424703892,0.0541455160744501,0.0203045685279188,0.0304568527918782,0.0609137055837563
"seq3549",0.128851540616246,0.0518207282913165,0.0378151260504202,0.0560224089635854,0.00280112044817927,0.0448179271708683,0.0280112044817927,0.0882352941176471,0.0238095238095238,0.0448179271708683,0.0896358543417367,0.0322128851540616,0.0140056022408964,0.0364145658263305,0.061624649859944,0.0630252100840336,0.0518207282913165,0.015406162464986,0.0434173669467787,0.0854341736694678
"seq3550",0.0666666666666667,0.0333333333333333,0.05,0.05,0,0.05,0.0166666666666667,0.116666666666667,0.00833333333333333,0.0833333333333333,0.05,0.05,0.025,0.0666666666666667,0.025,0.1,0.0333333333333333,0.025,0.0666666666666667,0.0833333333333333
"seq3551",0.0618401206636501,0.0542986425339367,0.028657616892911,0.0467571644042232,0.0226244343891403,0.0663650075414781,0.0558069381598793,0.0678733031674208,0.0226244343891403,0.0437405731523379,0.129713423831071,0.0482654600301659,0.0256410256410256,0.0452488687782805,0.057315233785822,0.0588235294117647,0.0407239819004525,0.0271493212669683,0.0271493212669683,0.0693815987933635
"seq3552",0.06875,0,0.03125,0.05625,0.00625,0.09375,0.00625,0.0875,0.05625,0.09375,0.0625,0.125,0.00625,0.03125,0.04375,0.05625,0.0625,0,0.0625,0.05
"seq3553",0.0424242424242424,0.0484848484848485,0.0242424242424242,0.0424242424242424,0.00606060606060606,0.0545454545454545,0.0727272727272727,0.109090909090909,0.0181818181818182,0.0181818181818182,0.145454545454545,0.0484848484848485,0.0242424242424242,0.0303030303030303,0.0484848484848485,0.0909090909090909,0.0545454545454545,0.0121212121212121,0.0121212121212121,0.096969696969697
"seq3554",0.122762148337596,0.0281329923273657,0.030690537084399,0.0460358056265985,0,0.0562659846547315,0.0281329923273657,0.0895140664961637,0.0127877237851662,0.0537084398976982,0.0690537084398977,0.0818414322250639,0.0358056265984655,0.0332480818414322,0.0537084398976982,0.0537084398976982,0.0664961636828645,0.010230179028133,0.0358056265984655,0.0920716112531969
"seq3555",0.0954545454545455,0.0409090909090909,0.0272727272727273,0.0272727272727273,0.0181818181818182,0.0818181818181818,0.05,0.113636363636364,0.0409090909090909,0.0454545454545455,0.0636363636363636,0.0272727272727273,0.0136363636363636,0.0181818181818182,0.0863636363636364,0.0181818181818182,0.0954545454545455,0.0136363636363636,0.0590909090909091,0.0636363636363636
"seq3556",0.0492264416315049,0.0843881856540084,0.0379746835443038,0.0520393811533052,0.0632911392405063,0.0562587904360056,0.0576652601969058,0.090014064697609,0.0337552742616034,0.0210970464135021,0.0745428973277075,0.0309423347398031,0.0140646976090014,0.0351617440225035,0.0787623066104079,0.0450070323488045,0.060478199718706,0.0281293952180028,0.0253164556962025,0.0618846694796062
"seq3557",0.109717868338558,0.0752351097178683,0.0376175548589342,0.0313479623824451,0.00626959247648903,0.0470219435736677,0.0470219435736677,0.103448275862069,0.0282131661442006,0.0438871473354232,0.103448275862069,0.0313479623824451,0.0125391849529781,0.0376175548589342,0.0783699059561129,0.0470219435736677,0.0470219435736677,0.0250783699059561,0.0188087774294671,0.0689655172413793
"seq3558",0.0719424460431655,0.0287769784172662,0.0143884892086331,0.0359712230215827,0.0215827338129496,0.0287769784172662,0.0503597122302158,0.0935251798561151,0.0143884892086331,0.0215827338129496,0.0719424460431655,0.0647482014388489,0.0287769784172662,0.0287769784172662,0.0359712230215827,0.129496402877698,0.0863309352517986,0.0359712230215827,0.079136690647482,0.0575539568345324
"seq3559",0.0837004405286344,0.0220264317180617,0.079295154185022,0.0484581497797357,0.0176211453744493,0.00881057268722467,0.026431718061674,0.0881057268722467,0.00440528634361234,0.0440528634361234,0.0616740088105727,0.0220264317180617,0.00440528634361234,0.0352422907488987,0.066079295154185,0.101321585903084,0.092511013215859,0.0176211453744493,0.0616740088105727,0.114537444933921
"seq3560",0.0766773162939297,0.0319488817891374,0.0191693290734824,0.0447284345047923,0.0255591054313099,0.0415335463258786,0.0191693290734824,0.0575079872204473,0.0415335463258786,0.0638977635782748,0.115015974440895,0.073482428115016,0.0223642172523962,0.0543130990415335,0.0415335463258786,0.0766773162939297,0.0383386581469649,0.0191693290734824,0.0351437699680511,0.10223642172524
"seq3561",0.110714285714286,0.0571428571428571,0.0357142857142857,0.0714285714285714,0,0.0714285714285714,0.0285714285714286,0.0892857142857143,0.0285714285714286,0.0392857142857143,0.0857142857142857,0.0285714285714286,0.00714285714285714,0.0464285714285714,0.0428571428571429,0.0428571428571429,0.0571428571428571,0.0178571428571429,0.05,0.0892857142857143
"seq3562",0.0817307692307692,0.0649038461538462,0.0480769230769231,0.0504807692307692,0.0120192307692308,0.0528846153846154,0.0216346153846154,0.0504807692307692,0.0336538461538462,0.0552884615384615,0.110576923076923,0.0336538461538462,0.0240384615384615,0.0216346153846154,0.0793269230769231,0.0985576923076923,0.0673076923076923,0.0120192307692308,0.0144230769230769,0.0673076923076923
"seq3563",0.125319693094629,0.0690537084398977,0.0255754475703325,0.051150895140665,0.0153452685421995,0.0664961636828645,0.051150895140665,0.117647058823529,0.0255754475703325,0.0741687979539642,0.0818414322250639,0.020460358056266,0.0179028132992327,0.0153452685421995,0.0358056265984655,0.051150895140665,0.0537084398976982,0.0153452685421995,0.00767263427109974,0.0792838874680307
"seq3564",0.110803324099723,0.0886426592797784,0.0249307479224377,0.0664819944598338,0.0110803324099723,0.0803324099722992,0.0110803324099723,0.0581717451523546,0.0526315789473684,0.0332409972299169,0.102493074792244,0.0193905817174515,0.0138504155124654,0.0415512465373961,0.0526315789473684,0.0443213296398892,0.0554016620498615,0.0332409972299169,0.038781163434903,0.0609418282548476
"seq3565",0.140243902439024,0.0487804878048781,0.00914634146341463,0.0518292682926829,0.00609756097560976,0.0518292682926829,0.0274390243902439,0.109756097560976,0.024390243902439,0.0304878048780488,0.0914634146341463,0.0274390243902439,0.00304878048780488,0.0335365853658537,0.0548780487804878,0.0579268292682927,0.0792682926829268,0.00914634146341463,0.0274390243902439,0.115853658536585
"seq3566",0.0555555555555556,0.0296296296296296,0.0592592592592593,0.0296296296296296,0.037037037037037,0.0444444444444444,0.0444444444444444,0.0444444444444444,0.0296296296296296,0.0666666666666667,0.1,0.0407407407407407,0.0222222222222222,0.0296296296296296,0.0444444444444444,0.103703703703704,0.107407407407407,0.0148148148148148,0.0185185185185185,0.0777777777777778
"seq3567",0.119718309859155,0.0563380281690141,0.0387323943661972,0.073943661971831,0.0211267605633803,0.0598591549295775,0.0211267605633803,0.0985915492957746,0.0211267605633803,0.0246478873239437,0.0457746478873239,0.0528169014084507,0.0211267605633803,0.0457746478873239,0.0809859154929577,0.0528169014084507,0.0387323943661972,0.0211267605633803,0.0457746478873239,0.0598591549295775
"seq3568",0.062992125984252,0.0826771653543307,0.047244094488189,0.047244094488189,0.015748031496063,0.125984251968504,0.0748031496062992,0.0236220472440945,0.0275590551181102,0.0708661417322835,0.106299212598425,0.0905511811023622,0.0275590551181102,0.0118110236220472,0.015748031496063,0.0669291338582677,0.047244094488189,0.00393700787401575,0.0078740157480315,0.0433070866141732
"seq3569",0.103092783505155,0.0695876288659794,0.0309278350515464,0.0824742268041237,0.0128865979381443,0.0592783505154639,0.0283505154639175,0.0824742268041237,0.0412371134020619,0.0695876288659794,0.0747422680412371,0.0257731958762887,0.0309278350515464,0.0257731958762887,0.0463917525773196,0.0438144329896907,0.0592783505154639,0.0309278350515464,0.0309278350515464,0.0515463917525773
"seq3570",0.0560747663551402,0.0490654205607477,0.0303738317757009,0.058411214953271,0.00233644859813084,0.0981308411214953,0.0303738317757009,0.0771028037383178,0.00934579439252336,0.0771028037383178,0.088785046728972,0.0911214953271028,0.0397196261682243,0.0397196261682243,0.0467289719626168,0.0350467289719626,0.044392523364486,0.0116822429906542,0.044392523364486,0.0700934579439252
"seq3571",0.107246376811594,0.0449275362318841,0.0217391304347826,0.0449275362318841,0.00289855072463768,0.0826086956521739,0.0246376811594203,0.0797101449275362,0.0333333333333333,0.072463768115942,0.1,0.0594202898550725,0.0289855072463768,0.0391304347826087,0.0304347826086957,0.0565217391304348,0.0434782608695652,0.00579710144927536,0.0246376811594203,0.0971014492753623
"seq3572",0.0801576872536137,0.0446780551905388,0.0433639947437582,0.0788436268068331,0.00657030223390276,0.0722733245729304,0.0354796320630749,0.0657030223390276,0.0367936925098555,0.0670170827858081,0.0709592641261498,0.0565045992115637,0.0223390275952694,0.038107752956636,0.0315374507227332,0.0591327201051248,0.0657030223390276,0.0157687253613666,0.0512483574244415,0.0578186596583443
"seq3573",0.0381944444444444,0.0277777777777778,0.100694444444444,0.0451388888888889,0.0243055555555556,0.0972222222222222,0.0208333333333333,0.0520833333333333,0.0347222222222222,0.09375,0.0833333333333333,0.0833333333333333,0.0277777777777778,0.0416666666666667,0.0138888888888889,0.0659722222222222,0.0381944444444444,0.00347222222222222,0.03125,0.0763888888888889
"seq3574",0.0592334494773519,0.0313588850174216,0.0592334494773519,0.0383275261324042,0.0174216027874564,0.0557491289198606,0.0313588850174216,0.0975609756097561,0.0313588850174216,0.0731707317073171,0.101045296167247,0.0592334494773519,0.0348432055749129,0.0313588850174216,0.0452961672473868,0.0522648083623693,0.0452961672473868,0.00348432055749129,0.024390243902439,0.10801393728223
"seq3575",0.107913669064748,0.0503597122302158,0.0143884892086331,0.0575539568345324,0.0287769784172662,0.136690647482014,0.0215827338129496,0.0719424460431655,0.0287769784172662,0.0647482014388489,0.0503597122302158,0.0863309352517986,0.0143884892086331,0.0575539568345324,0.0143884892086331,0.0215827338129496,0.0143884892086331,0.0143884892086331,0.0215827338129496,0.122302158273381
"seq3576",0.0683760683760684,0.0341880341880342,0.0341880341880342,0.0512820512820513,0.0512820512820513,0.128205128205128,0.0170940170940171,0.0341880341880342,0.0427350427350427,0.0598290598290598,0.094017094017094,0.0854700854700855,0.0341880341880342,0.0341880341880342,0.00854700854700855,0.0854700854700855,0.0170940170940171,0,0.0170940170940171,0.102564102564103
"seq3577",0.123711340206186,0.0670103092783505,0.0360824742268041,0.077319587628866,0.00515463917525773,0.0618556701030928,0.0463917525773196,0.0257731958762887,0.0257731958762887,0.0412371134020619,0.0876288659793814,0.0154639175257732,0.0412371134020619,0.0257731958762887,0.0670103092783505,0.0670103092783505,0.0463917525773196,0.0309278350515464,0.0309278350515464,0.077319587628866
"seq3578",0.0631578947368421,0.0421052631578947,0.0589473684210526,0.0631578947368421,0.00210526315789474,0.103157894736842,0.0378947368421053,0.071578947368421,0.0147368421052632,0.0568421052631579,0.0905263157894737,0.0842105263157895,0.0315789473684211,0.0315789473684211,0.0442105263157895,0.0526315789473684,0.0463157894736842,0.00631578947368421,0.04,0.0589473684210526
"seq3579",0.0294117647058824,0.0441176470588235,0.0490196078431373,0.0441176470588235,0.0147058823529412,0.0833333333333333,0.0343137254901961,0.0392156862745098,0.0392156862745098,0.053921568627451,0.122549019607843,0.102941176470588,0.0245098039215686,0.0686274509803922,0.0196078431372549,0.0588235294117647,0.0343137254901961,0.0196078431372549,0.0637254901960784,0.053921568627451
"seq3580",0.100806451612903,0.0483870967741935,0.0604838709677419,0.0725806451612903,0.0161290322580645,0.0403225806451613,0.0362903225806452,0.0766129032258065,0.0362903225806452,0.0403225806451613,0.092741935483871,0.0362903225806452,0.0161290322580645,0.032258064516129,0.0483870967741935,0.0604838709677419,0.0846774193548387,0.00806451612903226,0.0362903225806452,0.0564516129032258
"seq3581",0.0566037735849057,0.0566037735849057,0.0283018867924528,0.0566037735849057,0.0660377358490566,0.132075471698113,0.0754716981132075,0.0283018867924528,0.0377358490566038,0.0283018867924528,0.141509433962264,0.0188679245283019,0.00943396226415094,0.0188679245283019,0.0566037735849057,0.0660377358490566,0.0471698113207547,0.00943396226415094,0.00943396226415094,0.0566037735849057
"seq3582",0.128140703517588,0.050251256281407,0.0251256281407035,0.0452261306532663,0.0100502512562814,0.0452261306532663,0.0452261306532663,0.100502512562814,0.0452261306532663,0.0402010050251256,0.118090452261307,0.0226130653266332,0.0351758793969849,0.0351758793969849,0.0477386934673367,0.0552763819095477,0.0577889447236181,0.00251256281407035,0.0326633165829146,0.0577889447236181
"seq3583",0.0769230769230769,0.0398860398860399,0.0284900284900285,0.056980056980057,0.0113960113960114,0.0883190883190883,0.0056980056980057,0.102564102564103,0.0142450142450142,0.0883190883190883,0.0854700854700855,0.0712250712250712,0.037037037037037,0.0427350427350427,0.0313390313390313,0.0512820512820513,0.0455840455840456,0.00284900284900285,0.0199430199430199,0.0997150997150997
"seq3584",0.134408602150538,0.0412186379928315,0.0197132616487455,0.028673835125448,0.00537634408602151,0.0663082437275986,0.0268817204301075,0.0860215053763441,0.0161290322580645,0.0770609318996416,0.166666666666667,0.021505376344086,0.03584229390681,0.0448028673835125,0.0340501792114695,0.039426523297491,0.0501792114695341,0.00716845878136201,0.010752688172043,0.0878136200716846
"seq3585",0.0771084337349398,0.0506024096385542,0.0265060240963855,0.0602409638554217,0.0192771084337349,0.0698795180722892,0.036144578313253,0.0819277108433735,0.0409638554216867,0.0530120481927711,0.0819277108433735,0.0506024096385542,0.0409638554216867,0.0457831325301205,0.0506024096385542,0.0385542168674699,0.0578313253012048,0.0265060240963855,0.0433734939759036,0.0481927710843374
"seq3586",0.0170454545454545,0.0568181818181818,0.0454545454545455,0.0852272727272727,0.0170454545454545,0.0738636363636364,0.00568181818181818,0.0568181818181818,0.0397727272727273,0.0852272727272727,0.0625,0.0909090909090909,0.0227272727272727,0.0738636363636364,0.0568181818181818,0.0454545454545455,0.0340909090909091,0.0113636363636364,0.0511363636363636,0.0681818181818182
"seq3587",0.126262626262626,0.0303030303030303,0.0505050505050505,0.0606060606060606,0.0252525252525253,0.0404040404040404,0.0555555555555556,0.0606060606060606,0.0505050505050505,0.0454545454545455,0.095959595959596,0.0404040404040404,0.0252525252525253,0.0505050505050505,0.0404040404040404,0.0404040404040404,0.0454545454545455,0.0202020202020202,0.0202020202020202,0.0757575757575758
"seq3588",0.152979066022544,0.0966183574879227,0.0257648953301127,0.0563607085346216,0.00161030595813205,0.0660225442834139,0.0338164251207729,0.07085346215781,0.0128824476650564,0.0450885668276973,0.130434782608696,0.0241545893719807,0.0193236714975845,0.0273752012882448,0.0466988727858293,0.0547504025764895,0.0466988727858293,0.00805152979066022,0.0128824476650564,0.0676328502415459
"seq3589",0.0989010989010989,0.0695970695970696,0.0366300366300366,0.0732600732600733,0.00915750915750916,0.0769230769230769,0.0238095238095238,0.0842490842490843,0.0366300366300366,0.0384615384615385,0.0695970695970696,0.0201465201465201,0.0347985347985348,0.0274725274725275,0.0641025641025641,0.0531135531135531,0.0641025641025641,0.0164835164835165,0.0201465201465201,0.0824175824175824
"seq3590",0.186885245901639,0.0786885245901639,0.0131147540983607,0.0655737704918033,0.00655737704918033,0.039344262295082,0.039344262295082,0.104918032786885,0.0131147540983607,0.0426229508196721,0.0950819672131148,0.00655737704918033,0.0229508196721311,0.0327868852459016,0.0491803278688525,0.0491803278688525,0.0524590163934426,0.0131147540983607,0.0229508196721311,0.0655737704918033
"seq3591",0.143478260869565,0.0173913043478261,0.0434782608695652,0.0217391304347826,0.00434782608695652,0.0217391304347826,0.0173913043478261,0.0956521739130435,0.0217391304347826,0.0739130434782609,0.126086956521739,0.0391304347826087,0.0434782608695652,0.0565217391304348,0.0521739130434783,0.0434782608695652,0.0608695652173913,0.00434782608695652,0.0391304347826087,0.0739130434782609
"seq3592",0.119205298013245,0.0706401766004415,0.0132450331125828,0.0529801324503311,0,0.0706401766004415,0.0816777041942605,0.108167770419426,0.0198675496688742,0.033112582781457,0.119205298013245,0.0353200883002208,0.0242825607064018,0.0198675496688742,0.0286975717439294,0.0860927152317881,0.0375275938189845,0.00441501103752759,0.0132450331125828,0.0618101545253863
"seq3593",0.106280193236715,0.0966183574879227,0.0193236714975845,0.0821256038647343,0.0193236714975845,0.072463768115942,0.0531400966183575,0.0917874396135266,0.0434782608695652,0.0241545893719807,0.111111111111111,0,0.0241545893719807,0.0483091787439614,0.0579710144927536,0.0241545893719807,0.0193236714975845,0.0193236714975845,0.0193236714975845,0.0676328502415459
"seq3594",0.0775510204081633,0.0122448979591837,0.0530612244897959,0.0693877551020408,0,0.110204081632653,0.0204081632653061,0.0489795918367347,0.00816326530612245,0.0857142857142857,0.106122448979592,0.102040816326531,0.0204081632653061,0.0448979591836735,0.036734693877551,0.0571428571428571,0.0285714285714286,0,0.0285714285714286,0.0897959183673469
"seq3595",0.10431654676259,0.0611510791366906,0.0323741007194245,0.0431654676258993,0.0179856115107914,0.0575539568345324,0.0179856115107914,0.0899280575539568,0.0143884892086331,0.0503597122302158,0.0899280575539568,0.0539568345323741,0.0323741007194245,0.0251798561151079,0.039568345323741,0.0827338129496403,0.0647482014388489,0.0107913669064748,0.00719424460431655,0.10431654676259
"seq3596",0.140594059405941,0.0138613861386139,0.0257425742574257,0.0653465346534653,0.0118811881188119,0.104950495049505,0.0277227722772277,0.0514851485148515,0.0118811881188119,0.0534653465346535,0.0633663366336634,0.104950495049505,0.00594059405940594,0.0534653465346535,0.0455445544554455,0.0475247524752475,0.0653465346534653,0.00396039603960396,0.0336633663366337,0.0693069306930693
"seq3597",0.0762942779291553,0.0599455040871935,0.0245231607629428,0.0517711171662125,0.0217983651226158,0.0871934604904632,0.0653950953678474,0.0626702997275204,0.0163487738419619,0.0381471389645777,0.108991825613079,0.0708446866485014,0.0190735694822888,0.0463215258855586,0.0354223433242507,0.0435967302452316,0.0299727520435967,0.00817438692098093,0.0544959128065395,0.0790190735694823
"seq3598",0.0671378091872792,0.0612485276796231,0.0447585394581861,0.0565371024734982,0.0117785630153121,0.0683156654888104,0.0400471142520612,0.0895170789163722,0.0270906949352179,0.0624263839811543,0.071849234393404,0.0541813898704358,0.0188457008244994,0.0270906949352179,0.0694935217903416,0.0800942285041225,0.0412249705535925,0.00824499411071849,0.0353356890459364,0.0647820965842167
"seq3599",0.0552959501557632,0.0366043613707165,0.0366043613707165,0.0568535825545171,0.058411214953271,0.0724299065420561,0.0545171339563863,0.0475077881619938,0.0654205607476635,0.0311526479750779,0.0786604361370716,0.0747663551401869,0.0249221183800623,0.0420560747663551,0.0482866043613707,0.0950155763239875,0.0514018691588785,0.00311526479750779,0.0210280373831776,0.0459501557632399
"seq3600",0.142517814726841,0.0213776722090261,0.0356294536817102,0.0760095011876485,0.00712589073634204,0.0593824228028504,0.0356294536817102,0.0902612826603325,0.0142517814726841,0.0380047505938242,0.0665083135391924,0.0807600950118765,0.0403800475059382,0.0451306413301663,0.0403800475059382,0.0451306413301663,0.0522565320665083,0.0285035629453682,0.0142517814726841,0.0665083135391924
"seq3601",0.0147058823529412,0.0245098039215686,0.0735294117647059,0.0637254901960784,0.0196078431372549,0.0637254901960784,0.00490196078431373,0.0294117647058824,0.0490196078431373,0.147058823529412,0.0882352941176471,0.0980392156862745,0.0196078431372549,0.0686274509803922,0.0294117647058824,0.0735294117647059,0.0441176470588235,0.0147058823529412,0.053921568627451,0.0196078431372549
"seq3602",0.0533980582524272,0.0501618122977346,0.0501618122977346,0.0501618122977346,0.0355987055016181,0.06957928802589,0.0388349514563107,0.0485436893203883,0.0210355987055016,0.0469255663430421,0.0922330097087379,0.0614886731391586,0.0323624595469256,0.0453074433656958,0.0533980582524272,0.101941747572816,0.0517799352750809,0.0129449838187702,0.0323624595469256,0.0517799352750809
"seq3603",0.0508474576271186,0.0508474576271186,0.0621468926553672,0.0508474576271186,0.00564971751412429,0.0734463276836158,0.0338983050847458,0.0564971751412429,0.0282485875706215,0.096045197740113,0.146892655367232,0.0903954802259887,0.0225988700564972,0.0395480225988701,0.0282485875706215,0.0451977401129944,0.0395480225988701,0.0112994350282486,0.0395480225988701,0.0282485875706215
"seq3604",0.0413223140495868,0.0436835891381346,0.0484061393152302,0.0401416765053129,0.0271546635182999,0.0684769775678867,0.0543093270365998,0.063754427390791,0.0283353010625738,0.038961038961039,0.0885478158205431,0.0531286894923259,0.0165289256198347,0.0283353010625738,0.0672963400236127,0.0956316410861865,0.0625737898465171,0.025974025974026,0.0354191263282172,0.0720188902007084
"seq3605",0.102941176470588,0.05,0.0558823529411765,0.0647058823529412,0.0470588235294118,0.0382352941176471,0.0235294117647059,0.0852941176470588,0.0235294117647059,0.0441176470588235,0.05,0.0323529411764706,0.0205882352941176,0.0441176470588235,0.0588235294117647,0.0823529411764706,0.0411764705882353,0.0264705882352941,0.0441176470588235,0.0647058823529412
"seq3606",0.0788381742738589,0.107883817427386,0.029045643153527,0.045643153526971,0.016597510373444,0.0663900414937759,0.0663900414937759,0.0497925311203319,0.045643153526971,0.037344398340249,0.128630705394191,0.016597510373444,0.020746887966805,0.029045643153527,0.045643153526971,0.0663900414937759,0.0580912863070539,0.00829875518672199,0.029045643153527,0.0539419087136929
