"","A","R","N","D","C","E","Q","G","H","I","L","K","M","F","P","S","T","W","Y","V"
"seq8501",0.0571428571428571,0.0595238095238095,0.0595238095238095,0.0357142857142857,0.00476190476190476,0.0785714285714286,0.0357142857142857,0.0714285714285714,0.0285714285714286,0.0547619047619048,0.0976190476190476,0.0690476190476191,0.0333333333333333,0.0333333333333333,0.0547619047619048,0.0571428571428571,0.0380952380952381,0.00952380952380952,0.0380952380952381,0.0833333333333333
"seq8502",0.0930232558139535,0.0581395348837209,0.0465116279069767,0.0232558139534884,0.0232558139534884,0.0930232558139535,0.0581395348837209,0.0697674418604651,0.0116279069767442,0.0465116279069767,0.0813953488372093,0.0581395348837209,0.0465116279069767,0.0465116279069767,0.0465116279069767,0.0813953488372093,0.0348837209302326,0.0116279069767442,0.0116279069767442,0.0581395348837209
"seq8503",0.0504385964912281,0.043859649122807,0.0657894736842105,0.037280701754386,0.0087719298245614,0.0548245614035088,0.0263157894736842,0.0833333333333333,0.0285087719298246,0.0723684210526316,0.081140350877193,0.0548245614035088,0.0153508771929825,0.0635964912280702,0.0482456140350877,0.100877192982456,0.0592105263157895,0.00657894736842105,0.037280701754386,0.0614035087719298
"seq8504",0.126016260162602,0.016260162601626,0.0365853658536585,0.0121951219512195,0.0121951219512195,0.0203252032520325,0.016260162601626,0.146341463414634,0.0040650406504065,0.121951219512195,0.0975609756097561,0.016260162601626,0.024390243902439,0.0650406504065041,0.0487804878048781,0.0528455284552846,0.0650406504065041,0.016260162601626,0.0365853658536585,0.0650406504065041
"seq8505",0.0902777777777778,0.0138888888888889,0.0555555555555556,0.0902777777777778,0.0486111111111111,0.0625,0.0486111111111111,0.0347222222222222,0.0138888888888889,0.0486111111111111,0.104166666666667,0.0416666666666667,0.0347222222222222,0.0347222222222222,0.0486111111111111,0.0625,0.0347222222222222,0.0138888888888889,0.0277777777777778,0.0902777777777778
"seq8506",0.168539325842697,0.0786516853932584,0.0149812734082397,0.0936329588014981,0.00374531835205993,0.0374531835205993,0.0337078651685393,0.0786516853932584,0.0187265917602996,0.0449438202247191,0.116104868913858,0.0112359550561798,0.0187265917602996,0.00749063670411985,0.0674157303370786,0.052434456928839,0.0449438202247191,0.0262172284644195,0.0187265917602996,0.0636704119850187
"seq8507",0.0727272727272727,0.0272727272727273,0.0727272727272727,0.0454545454545455,0.0181818181818182,0.109090909090909,0.0454545454545455,0.0545454545454545,0.0272727272727273,0.0818181818181818,0.127272727272727,0.0727272727272727,0.0181818181818182,0.0181818181818182,0.0363636363636364,0.0272727272727273,0.0454545454545455,0,0.0363636363636364,0.0636363636363636
"seq8508",0.143867924528302,0.0731132075471698,0.0165094339622642,0.0589622641509434,0.0212264150943396,0.0589622641509434,0.0188679245283019,0.089622641509434,0.0330188679245283,0.035377358490566,0.10377358490566,0.0117924528301887,0.0188679245283019,0.0212264150943396,0.0636792452830189,0.0518867924528302,0.0660377358490566,0.00943396226415094,0.0259433962264151,0.0778301886792453
"seq8509",0.0681818181818182,0.0511363636363636,0.0511363636363636,0.0738636363636364,0.0113636363636364,0.107954545454545,0.0454545454545455,0.0397727272727273,0.0454545454545455,0.0227272727272727,0.107954545454545,0.0795454545454545,0.0340909090909091,0.0454545454545455,0.0170454545454545,0.0568181818181818,0.0284090909090909,0.00568181818181818,0.0454545454545455,0.0625
"seq8510",0.0753880266075388,0.0776053215077605,0.024390243902439,0.0487804878048781,0.0221729490022173,0.082039911308204,0.0332594235033259,0.0598669623059867,0.0421286031042129,0.0332594235033259,0.113082039911308,0.0443458980044346,0.0199556541019956,0.0354767184035477,0.0509977827050998,0.0709534368070953,0.0288248337028825,0.0288248337028825,0.0376940133037694,0.0709534368070953
"seq8511",0.127853881278539,0.0091324200913242,0.0388127853881279,0.0776255707762557,0.00228310502283105,0.0502283105022831,0.0410958904109589,0.105022831050228,0.00684931506849315,0.0319634703196347,0.0547945205479452,0.0730593607305936,0.0319634703196347,0.045662100456621,0.0410958904109589,0.0662100456621005,0.0799086757990868,0.0205479452054795,0.0296803652968037,0.0662100456621005
"seq8512",0.0636604774535809,0.0557029177718833,0.0371352785145889,0.0477453580901857,0.00530503978779841,0.0875331564986737,0.0212201591511936,0.0610079575596817,0.00530503978779841,0.0636604774535809,0.0822281167108753,0.0795755968169761,0.0185676392572944,0.0610079575596817,0.0424403183023873,0.0689655172413793,0.0503978779840849,0.00530503978779841,0.0344827586206897,0.108753315649867
"seq8513",0.146230699364214,0.0463215258855586,0.0208900999091735,0.0644868301544051,0.00817438692098093,0.0544959128065395,0.0372388737511353,0.106267029972752,0.0154405086285195,0.00999091734786558,0.0762942779291553,0.00544959128065395,0.00544959128065395,0.0272479564032698,0.069936421435059,0.0590372388737511,0.0890099909173479,0.0245231607629428,0.0381471389645777,0.0953678474114441
"seq8514",0.0731707317073171,0.0304878048780488,0.0792682926829268,0.0487804878048781,0.0426829268292683,0.0609756097560976,0.0304878048780488,0.0548780487804878,0.024390243902439,0.0487804878048781,0.0914634146341463,0.121951219512195,0.0182926829268293,0.0182926829268293,0.0121951219512195,0.0731707317073171,0.0365853658536585,0,0.0548780487804878,0.0792682926829268
"seq8515",0.111111111111111,0.0610021786492375,0.0479302832244009,0.0610021786492375,0.0130718954248366,0.0675381263616558,0.0065359477124183,0.108932461873638,0.0174291938997821,0.0501089324618736,0.0958605664488017,0.028322440087146,0.0217864923747277,0.0305010893246187,0.0479302832244009,0.0697167755991285,0.037037037037037,0.0108932461873638,0.028322440087146,0.0849673202614379
"seq8516",0.103030303030303,0.0109090909090909,0.0278787878787879,0.0375757575757576,0.0133333333333333,0.0290909090909091,0.0266666666666667,0.0763636363636364,0.0109090909090909,0.0375757575757576,0.0496969696969697,0.0157575757575758,0.00848484848484849,0.0327272727272727,0.101818181818182,0.166060606060606,0.136969696969697,0.0096969696969697,0.023030303030303,0.0824242424242424
"seq8517",0.0758620689655172,0.0689655172413793,0.0137931034482759,0.0827586206896552,0.0275862068965517,0.0620689655172414,0.0275862068965517,0.0620689655172414,0.0689655172413793,0.0413793103448276,0.117241379310345,0.0344827586206897,0.0137931034482759,0.0344827586206897,0.0206896551724138,0.0689655172413793,0.0896551724137931,0.00689655172413793,0.0206896551724138,0.0620689655172414
"seq8518",0.0569620253164557,0.0727848101265823,0.0506329113924051,0.0569620253164557,0.0126582278481013,0.0981012658227848,0.0348101265822785,0.0284810126582278,0.0126582278481013,0.060126582278481,0.0791139240506329,0.126582278481013,0.0316455696202532,0.0411392405063291,0.0569620253164557,0.0348101265822785,0.0443037974683544,0.0126582278481013,0.0253164556962025,0.0632911392405063
"seq8519",0.043731778425656,0.0262390670553936,0.0291545189504373,0.0932944606413994,0.0116618075801749,0.0670553935860058,0.0291545189504373,0.0699708454810496,0.0349854227405248,0.0845481049562682,0.128279883381924,0.0670553935860058,0.0204081632653061,0.0583090379008746,0.0408163265306122,0.0612244897959184,0.0495626822157434,0.00583090379008746,0.0349854227405248,0.043731778425656
"seq8520",0.110565110565111,0.0761670761670762,0.027027027027027,0.0393120393120393,0.00245700245700246,0.0909090909090909,0.0147420147420147,0.0909090909090909,0.027027027027027,0.0466830466830467,0.108108108108108,0.0466830466830467,0.0221130221130221,0.0368550368550369,0.0614250614250614,0.0393120393120393,0.0442260442260442,0.00491400491400491,0.0294840294840295,0.0810810810810811
"seq8521",0.0604099244875944,0.0334412081984898,0.0625674217907228,0.0722761596548004,0.0129449838187702,0.0733549083063646,0.0280474649406688,0.0496224379719525,0.0258899676375405,0.0614886731391586,0.0970873786407767,0.0690399137001079,0.0204962243797195,0.0453074433656958,0.0399137001078749,0.0916936353829558,0.0560949298813377,0.011866235167206,0.0345199568500539,0.0539374325782093
"seq8522",0.04375,0.0302083333333333,0.0635416666666667,0.06875,0.00729166666666667,0.0677083333333333,0.0375,0.0364583333333333,0.0135416666666667,0.0510416666666667,0.113541666666667,0.090625,0.015625,0.0489583333333333,0.04375,0.10625,0.0604166666666667,0.0125,0.028125,0.0604166666666667
"seq8523",0.0852272727272727,0.0284090909090909,0.0397727272727273,0.0397727272727273,0.0397727272727273,0.0227272727272727,0.0681818181818182,0.107954545454545,0.0170454545454545,0.0227272727272727,0.0681818181818182,0.0340909090909091,0.0170454545454545,0.0340909090909091,0.0568181818181818,0.0795454545454545,0.0965909090909091,0.0113636363636364,0.0511363636363636,0.0795454545454545
"seq8524",0.115942028985507,0.0338164251207729,0.0241545893719807,0.0483091787439614,0.00483091787439614,0.0676328502415459,0.0579710144927536,0.0772946859903382,0.0144927536231884,0.0483091787439614,0.0821256038647343,0.0821256038647343,0.00966183574879227,0.0821256038647343,0.0483091787439614,0.0531400966183575,0.0386473429951691,0.0193236714975845,0.0434782608695652,0.0483091787439614
"seq8525",0.0523168908819133,0.0508221225710015,0.0433482810164425,0.0500747384155456,0.0246636771300448,0.062780269058296,0.0291479820627803,0.0538116591928251,0.0224215246636771,0.0642750373692078,0.0919282511210762,0.0754857997010463,0.0239162929745889,0.0366218236173393,0.0455904334828102,0.0956651718983558,0.0724962630792227,0.0119581464872945,0.0373692077727952,0.0553064275037369
"seq8526",0.0514705882352941,0.0588235294117647,0.0294117647058824,0.0551470588235294,0.0147058823529412,0.0845588235294118,0.0294117647058824,0.0625,0.0294117647058824,0.0477941176470588,0.0625,0.0514705882352941,0.0441176470588235,0.0772058823529412,0.0661764705882353,0.0772058823529412,0.0441176470588235,0.0183823529411765,0.0294117647058824,0.0661764705882353
"seq8527",0.155629139072848,0.076158940397351,0.00662251655629139,0.0562913907284768,0.0231788079470199,0.102649006622517,0.0629139072847682,0.076158940397351,0.0298013245033113,0.0264900662251656,0.122516556291391,0.00993377483443709,0.0231788079470199,0.0231788079470199,0.0596026490066225,0.0298013245033113,0.0231788079470199,0.00662251655629139,0.0231788079470199,0.0629139072847682
"seq8528",0.0609756097560976,0.0304878048780488,0.0731707317073171,0.0670731707317073,0.0121951219512195,0.0609756097560976,0.0365853658536585,0.0975609756097561,0.0304878048780488,0.0609756097560976,0.0304878048780488,0.0670731707317073,0.0365853658536585,0.0731707317073171,0.0304878048780488,0.0365853658536585,0.0731707317073171,0.00609756097560976,0.0182926829268293,0.0975609756097561
"seq8529",0.156156156156156,0.021021021021021,0.027027027027027,0.0690690690690691,0.012012012012012,0.0630630630630631,0.027027027027027,0.0600600600600601,0.00600600600600601,0.0810810810810811,0.0780780780780781,0.0870870870870871,0.021021021021021,0.03003003003003,0.039039039039039,0.0660660660660661,0.048048048048048,0,0.027027027027027,0.0810810810810811
"seq8530",0.132075471698113,0.0566037735849057,0.0283018867924528,0.0235849056603774,0.0141509433962264,0.0990566037735849,0.0188679245283019,0.0566037735849057,0.0188679245283019,0.0141509433962264,0.136792452830189,0.0471698113207547,0.0283018867924528,0.0330188679245283,0.0377358490566038,0.0613207547169811,0.0283018867924528,0.0235849056603774,0.080188679245283,0.0613207547169811
"seq8531",0.0379746835443038,0.0443037974683544,0.0379746835443038,0.0632911392405063,0.0379746835443038,0.0822784810126582,0.0316455696202532,0.132911392405063,0.0189873417721519,0.0632911392405063,0.0569620253164557,0.0822784810126582,0.0443037974683544,0.0253164556962025,0.0253164556962025,0.0379746835443038,0.0569620253164557,0.0126582278481013,0.0379746835443038,0.069620253164557
"seq8532",0.0533333333333333,0.0533333333333333,0.0222222222222222,0.0355555555555556,0.0133333333333333,0.0488888888888889,0.0533333333333333,0.0622222222222222,0.0266666666666667,0.0222222222222222,0.111111111111111,0.0488888888888889,0.0133333333333333,0.0444444444444444,0.102222222222222,0.12,0.0666666666666667,0.00444444444444444,0.0355555555555556,0.0622222222222222
"seq8533",0.0635451505016722,0.0167224080267559,0.0752508361204013,0.0468227424749164,0.0133779264214047,0.0551839464882943,0.0334448160535117,0.0668896321070234,0.0301003344481605,0.0635451505016722,0.0852842809364548,0.0936454849498328,0.0183946488294314,0.0535117056856187,0.0551839464882943,0.0802675585284281,0.0518394648829431,0.0133779264214047,0.0334448160535117,0.0501672240802676
"seq8534",0.155339805825243,0,0.0388349514563107,0.0679611650485437,0.0194174757281553,0.058252427184466,0.058252427184466,0.0388349514563107,0,0.0485436893203883,0.058252427184466,0.0970873786407767,0.0388349514563107,0.058252427184466,0.0485436893203883,0.0388349514563107,0.0388349514563107,0.00970873786407767,0.029126213592233,0.0970873786407767
"seq8535",0.0625,0.0460526315789474,0.0296052631578947,0.0559210526315789,0.0131578947368421,0.0921052631578947,0.0361842105263158,0.0592105263157895,0.0131578947368421,0.0460526315789474,0.0953947368421053,0.0789473684210526,0.0263157894736842,0.0559210526315789,0.0625,0.0723684210526316,0.0361842105263158,0.00986842105263158,0.0592105263157895,0.0493421052631579
"seq8536",0.0714285714285714,0.0714285714285714,0.0535714285714286,0.0535714285714286,0,0.0178571428571429,0,0.0892857142857143,0,0.0357142857142857,0.0892857142857143,0.0714285714285714,0.0178571428571429,0.0357142857142857,0.0535714285714286,0,0.0714285714285714,0.0892857142857143,0.0535714285714286,0.125
"seq8537",0.0738786279683377,0.0382585751978892,0.054089709762533,0.0514511873350923,0.0105540897097625,0.0633245382585752,0.0435356200527705,0.0804749340369393,0.029023746701847,0.0329815303430079,0.0633245382585752,0.0369393139841689,0.0316622691292876,0.0554089709762533,0.0567282321899736,0.0659630606860158,0.0606860158311346,0.0224274406332454,0.0712401055408971,0.0580474934036939
"seq8538",0.0905660377358491,0.0641509433962264,0.0830188679245283,0.0226415094339623,0.00377358490566038,0.060377358490566,0.0452830188679245,0.0641509433962264,0.0377358490566038,0.0792452830188679,0.0943396226415094,0.0339622641509434,0.0377358490566038,0.0264150943396226,0.0528301886792453,0.0792452830188679,0.0415094339622641,0.0226415094339623,0.0113207547169811,0.0490566037735849
"seq8539",0.0632911392405063,0.0506329113924051,0.0126582278481013,0.0506329113924051,0.0126582278481013,0.0886075949367089,0.0379746835443038,0.0759493670886076,0.0759493670886076,0.0506329113924051,0.0886075949367089,0.0253164556962025,0.0253164556962025,0.0253164556962025,0.0253164556962025,0.0759493670886076,0.10126582278481,0.0126582278481013,0.0379746835443038,0.0632911392405063
"seq8540",0.0947867298578199,0.033175355450237,0.0616113744075829,0.042654028436019,0,0.0710900473933649,0.0521327014218009,0.0710900473933649,0.0473933649289099,0.0568720379146919,0.118483412322275,0.0758293838862559,0.018957345971564,0.037914691943128,0.042654028436019,0.028436018957346,0.014218009478673,0.028436018957346,0.0473933649289099,0.0568720379146919
"seq8541",0.162790697674419,0.0744186046511628,0.0255813953488372,0.072093023255814,0.00232558139534884,0.0674418604651163,0.0209302325581395,0.0697674418604651,0.0186046511627907,0.0651162790697674,0.086046511627907,0.0302325581395349,0.0162790697674419,0.027906976744186,0.0418604651162791,0.0511627906976744,0.0465116279069767,0.00697674418604651,0.0232558139534884,0.0906976744186047
"seq8542",0.0855106888361045,0.0712589073634204,0.0308788598574822,0.0344418052256532,0.0118764845605701,0.0510688836104513,0.0522565320665083,0.0819477434679335,0.0118764845605701,0.0522565320665083,0.136579572446556,0.0225653206650831,0.0190023752969121,0.0427553444180523,0.0344418052256532,0.0641330166270784,0.0605700712589074,0.0261282660332542,0.0320665083135392,0.0783847980997625
"seq8543",0.110526315789474,0.0210526315789474,0.0526315789473684,0.0789473684210526,0.0105263157894737,0.0263157894736842,0.0421052631578947,0.0631578947368421,0.0263157894736842,0.0526315789473684,0.0526315789473684,0.0473684210526316,0.0157894736842105,0.0368421052631579,0.0526315789473684,0.0894736842105263,0.0789473684210526,0.0157894736842105,0.0368421052631579,0.0894736842105263
"seq8544",0.110328638497653,0.0469483568075117,0.0187793427230047,0.0586854460093897,0.0187793427230047,0.039906103286385,0.0727699530516432,0.0868544600938967,0.0164319248826291,0.0446009389671361,0.129107981220657,0.0258215962441315,0.00234741784037559,0.0352112676056338,0.068075117370892,0.0751173708920188,0.0563380281690141,0.028169014084507,0.0187793427230047,0.0469483568075117
"seq8545",0.0916552667578659,0.0519835841313269,0.0300957592339261,0.0629274965800274,0.00683994528043776,0.0683994528043776,0.0547195622435021,0.0889192886456908,0.0177838577291382,0.0328317373461012,0.0779753761969904,0.0601915184678523,0.0164158686730506,0.0451436388508892,0.0506155950752394,0.0615595075239398,0.0492476060191518,0.0205198358413133,0.0300957592339261,0.0820793433652531
"seq8546",0.0888324873096447,0.0126903553299492,0.0279187817258883,0.0736040609137056,0.0050761421319797,0.0304568527918782,0.0406091370558376,0.101522842639594,0.00761421319796954,0.0380710659898477,0.0710659898477157,0.0456852791878173,0.00253807106598985,0.0456852791878173,0.0406091370558376,0.134517766497462,0.0913705583756345,0.00761421319796954,0.0532994923857868,0.0812182741116751
"seq8547",0.091644204851752,0.0485175202156334,0.0296495956873315,0.032345013477089,0.0161725067385445,0.0889487870619946,0.0404312668463612,0.0835579514824798,0.0296495956873315,0.0485175202156334,0.0997304582210243,0.0431266846361186,0.0188679245283019,0.0296495956873315,0.0431266846361186,0.0377358490566038,0.0673854447439353,0.0161725067385445,0.0350404312668464,0.0997304582210243
"seq8548",0.0339622641509434,0.0415094339622641,0.120754716981132,0.0716981132075472,0.0415094339622641,0.0452830188679245,0.0377358490566038,0.0566037735849057,0.0264150943396226,0.0566037735849057,0.0641509433962264,0.0716981132075472,0.060377358490566,0.0188679245283019,0.0566037735849057,0.0905660377358491,0.0490566037735849,0,0.0113207547169811,0.0452830188679245
"seq8549",0.101449275362319,0.0217391304347826,0.0289855072463768,0.0507246376811594,0.0144927536231884,0.101449275362319,0.036231884057971,0.0507246376811594,0.0507246376811594,0.0507246376811594,0.101449275362319,0.101449275362319,0.0144927536231884,0.036231884057971,0.0507246376811594,0.036231884057971,0.036231884057971,0.036231884057971,0.036231884057971,0.0434782608695652
"seq8550",0.128654970760234,0.0292397660818713,0.0233918128654971,0.0116959064327485,0.0233918128654971,0.157894736842105,0.0175438596491228,0.0584795321637427,0.0292397660818713,0.0584795321637427,0.0467836257309941,0.111111111111111,0.0350877192982456,0.064327485380117,0.0409356725146199,0.00584795321637427,0.0409356725146199,0,0.0526315789473684,0.064327485380117
"seq8551",0.0955223880597015,0.0388059701492537,0.0477611940298507,0.0656716417910448,0.00597014925373134,0.0626865671641791,0.026865671641791,0.101492537313433,0.0149253731343284,0.0507462686567164,0.0686567164179104,0.0656716417910448,0.0238805970149254,0.0328358208955224,0.0298507462686567,0.0417910447761194,0.0805970149253731,0.00597014925373134,0.0238805970149254,0.116417910447761
"seq8552",0.134117647058824,0.0258823529411765,0.0282352941176471,0.0211764705882353,0.00235294117647059,0.04,0.0258823529411765,0.117647058823529,0.00470588235294118,0.0752941176470588,0.124705882352941,0.0352941176470588,0.0376470588235294,0.0517647058823529,0.0305882352941176,0.0705882352941176,0.0329411764705882,0.00941176470588235,0.0211764705882353,0.110588235294118
"seq8553",0.103550295857988,0.0739644970414201,0.0177514792899408,0.0532544378698225,0.0177514792899408,0.0798816568047337,0.0502958579881657,0.0680473372781065,0.0266272189349112,0.0236686390532544,0.0887573964497041,0.029585798816568,0.029585798816568,0.0236686390532544,0.0502958579881657,0.0532544378698225,0.0680473372781065,0.0325443786982249,0.0414201183431953,0.0680473372781065
"seq8554",0.0556900726392252,0.0508474576271186,0.026634382566586,0.0605326876513317,0.00726392251815981,0.0920096852300242,0.026634382566586,0.0677966101694915,0.00968523002421308,0.0702179176755448,0.113801452784504,0.0871670702179177,0.0193704600484262,0.0508474576271186,0.0484261501210654,0.0460048426150121,0.036319612590799,0.00726392251815981,0.0460048426150121,0.0774818401937046
"seq8555",0.0404411764705882,0.0551470588235294,0.0330882352941176,0.0772058823529412,0.0110294117647059,0.0845588235294118,0.0147058823529412,0.0625,0.0257352941176471,0.0735294117647059,0.0955882352941176,0.0625,0.0330882352941176,0.0588235294117647,0.0588235294117647,0.0441176470588235,0.0514705882352941,0.0147058823529412,0.0477941176470588,0.0551470588235294
"seq8556",0.115254237288136,0.0406779661016949,0.0203389830508475,0.0474576271186441,0.0169491525423729,0.0372881355932203,0.0203389830508475,0.0542372881355932,0.0338983050847458,0.0677966101694915,0.111864406779661,0.0542372881355932,0.023728813559322,0.0542372881355932,0.0474576271186441,0.0711864406779661,0.0338983050847458,0.0135593220338983,0.0406779661016949,0.0949152542372881
"seq8557",0.0634441087613293,0.054380664652568,0.0317220543806647,0.0589123867069486,0.0105740181268882,0.0981873111782477,0.0649546827794562,0.0483383685800604,0.0226586102719033,0.0755287009063444,0.101208459214502,0.0785498489425982,0.0196374622356495,0.0377643504531722,0.0317220543806647,0.0604229607250755,0.0483383685800604,0.00604229607250755,0.0226586102719033,0.0649546827794562
"seq8558",0.0435153583617747,0.0486348122866894,0.0580204778156997,0.103242320819113,0.0580204778156997,0.0503412969283276,0.0503412969283276,0.0895904436860068,0.0264505119453925,0.0349829351535836,0.0571672354948805,0.037542662116041,0.0102389078498294,0.0341296928327645,0.0580204778156997,0.0639931740614334,0.0588737201365188,0.0221843003412969,0.0273037542662116,0.0674061433447099
"seq8559",0.0844155844155844,0.0844155844155844,0.0324675324675325,0.0454545454545455,0.00649350649350649,0.0649350649350649,0.0194805194805195,0.0454545454545455,0.00649350649350649,0.0649350649350649,0.0779220779220779,0.025974025974026,0.051948051948052,0.051948051948052,0.0194805194805195,0.0844155844155844,0.0584415584415584,0.012987012987013,0.0714285714285714,0.0909090909090909
"seq8560",0.0704225352112676,0.0469483568075117,0.0352112676056338,0.0868544600938967,0.0164319248826291,0.0727699530516432,0.0352112676056338,0.0516431924882629,0.0211267605633803,0.0469483568075117,0.0962441314553991,0.0422535211267606,0.0211267605633803,0.0422535211267606,0.0352112676056338,0.0610328638497653,0.0633802816901408,0.028169014084507,0.0586854460093897,0.068075117370892
"seq8561",0.0597014925373134,0.0447761194029851,0.054726368159204,0.0398009950248756,0.0199004975124378,0.0746268656716418,0.0447761194029851,0.0348258706467662,0.0298507462686567,0.0945273631840796,0.134328358208955,0.0895522388059701,0.00497512437810945,0.0248756218905473,0.0348258706467662,0.0746268656716418,0.0348258706467662,0.00497512437810945,0.0348258706467662,0.0646766169154229
"seq8562",0.108864696734059,0.0451010886469673,0.0233281493001555,0.0497667185069984,0.0108864696734059,0.0964230171073095,0.0279937791601866,0.073094867807154,0.0202177293934681,0.0482115085536547,0.0808709175738725,0.0746500777604977,0.031104199066874,0.046656298600311,0.0482115085536547,0.0279937791601866,0.0451010886469673,0.0233281493001555,0.0590979782270607,0.0590979782270607
"seq8563",0.051948051948052,0.0454545454545455,0.0541125541125541,0.0432900432900433,0.0541125541125541,0.0930735930735931,0.025974025974026,0.0779220779220779,0.0216450216450216,0.0562770562770563,0.0606060606060606,0.0692640692640693,0.012987012987013,0.0411255411255411,0.0324675324675325,0.0735930735930736,0.0606060606060606,0.0194805194805195,0.0411255411255411,0.0649350649350649
"seq8564",0.0717821782178218,0.0643564356435644,0.0445544554455446,0.0693069306930693,0.00247524752475248,0.0866336633663366,0.0297029702970297,0.0668316831683168,0.0321782178217822,0.0445544554455446,0.0816831683168317,0.0420792079207921,0.0272277227722772,0.0594059405940594,0.051980198019802,0.0420792079207921,0.0594059405940594,0.0148514851485149,0.0618811881188119,0.047029702970297
"seq8565",0.121673003802281,0.0494296577946768,0.0304182509505703,0.00760456273764259,0.00760456273764259,0.0342205323193916,0.0304182509505703,0.0988593155893536,0.0228136882129278,0.0342205323193916,0.144486692015209,0.0114068441064639,0.0152091254752852,0.0722433460076046,0.0494296577946768,0.064638783269962,0.0570342205323194,0.0190114068441065,0.0304182509505703,0.0988593155893536
"seq8566",0.0590551181102362,0.0433070866141732,0.0551181102362205,0.0551181102362205,0.00984251968503937,0.0511811023622047,0.0393700787401575,0.0570866141732283,0.0295275590551181,0.0708661417322835,0.125984251968504,0.0728346456692913,0.0236220472440945,0.047244094488189,0.0531496062992126,0.062992125984252,0.0492125984251969,0.0177165354330709,0.0177165354330709,0.0590551181102362
"seq8567",0.0979381443298969,0.0412371134020619,0.0335051546391753,0.0438144329896907,0.00257731958762887,0.077319587628866,0.0309278350515464,0.108247422680412,0.0283505154639175,0.0592783505154639,0.0902061855670103,0.077319587628866,0.0283505154639175,0.0335051546391753,0.038659793814433,0.038659793814433,0.0412371134020619,0.0077319587628866,0.0438144329896907,0.077319587628866
"seq8568",0.0574712643678161,0.0229885057471264,0.0421455938697318,0.0727969348659004,0.0383141762452107,0.0344827586206897,0.0229885057471264,0.0842911877394636,0.0268199233716475,0.0459770114942529,0.10727969348659,0.0766283524904215,0.0306513409961686,0.0383141762452107,0.0689655172413793,0.053639846743295,0.0651340996168582,0.0268199233716475,0.0344827586206897,0.0498084291187739
"seq8569",0.0668693009118541,0.0364741641337386,0.0759878419452888,0.0425531914893617,0.0243161094224924,0.060790273556231,0.033434650455927,0.088145896656535,0.0243161094224924,0.0425531914893617,0.0820668693009119,0.0851063829787234,0.027355623100304,0.0182370820668693,0.0364741641337386,0.0729483282674772,0.033434650455927,0.027355623100304,0.0547112462006079,0.0668693009118541
"seq8570",0.0638297872340425,0.0364741641337386,0.0759878419452888,0.0395136778115502,0.0243161094224924,0.0638297872340425,0.033434650455927,0.088145896656535,0.0243161094224924,0.0425531914893617,0.0851063829787234,0.0851063829787234,0.0243161094224924,0.0182370820668693,0.0364741641337386,0.0729483282674772,0.033434650455927,0.027355623100304,0.0547112462006079,0.0699088145896656
"seq8571",0.0708884688090737,0.0642722117202268,0.0604914933837429,0.05765595463138,0.00756143667296786,0.0444234404536862,0.0311909262759924,0.0378071833648393,0.0274102079395085,0.0803402646502836,0.0897920604914934,0.0302457466918715,0.0349716446124764,0.0311909262759924,0.0491493383742911,0.0737240075614367,0.0812854442344045,0.00850661625708885,0.0510396975425331,0.0680529300567108
"seq8572",0.0872188699945145,0.0559517279210093,0.031815688425672,0.0383982446516731,0.0142622051563357,0.0493691716950082,0.0575973669775096,0.0493691716950082,0.0257816785518376,0.0444322545255074,0.088315962698848,0.0674712013165112,0.0241360394953374,0.0296215030170049,0.0460778935820077,0.144267690619857,0.0433351618211739,0.00767964893033461,0.0257816785518376,0.0691168403730115
"seq8573",0.06187624750499,0.0558882235528942,0.0379241516966068,0.0419161676646707,0.0119760479041916,0.063872255489022,0.0379241516966068,0.0698602794411178,0.029940119760479,0.0538922155688623,0.11377245508982,0.0499001996007984,0.0279441117764471,0.0778443113772455,0.0578842315369262,0.0558882235528942,0.0399201596806387,0.0139720558882236,0.0379241516966068,0.0598802395209581
"seq8574",0.0652173913043478,0.0652173913043478,0.0434782608695652,0.0372670807453416,0.0279503105590062,0.0527950310559006,0.0683229813664596,0.0683229813664596,0.046583850931677,0.0434782608695652,0.0869565217391304,0.0403726708074534,0.0124223602484472,0.046583850931677,0.0496894409937888,0.0807453416149068,0.0434782608695652,0.0248447204968944,0.0186335403726708,0.077639751552795
"seq8575",0.113207547169811,0.0251572327044025,0.0440251572327044,0.059748427672956,0.00628930817610063,0.0723270440251572,0.0283018867924528,0.0786163522012579,0.00314465408805031,0.0723270440251572,0.0691823899371069,0.106918238993711,0.0377358490566038,0.0251572327044025,0.0377358490566038,0.059748427672956,0.050314465408805,0.0125786163522013,0.0188679245283019,0.0786163522012579
"seq8576",0.127659574468085,0.0771276595744681,0.0159574468085106,0.0425531914893617,0.0292553191489362,0.0452127659574468,0.0425531914893617,0.106382978723404,0.0452127659574468,0.0345744680851064,0.122340425531915,0.0132978723404255,0.0132978723404255,0.0212765957446809,0.0611702127659574,0.0319148936170213,0.0638297872340425,0.0159574468085106,0.023936170212766,0.0664893617021277
"seq8577",0.0700636942675159,0.0605095541401274,0.0414012738853503,0.0509554140127389,0.0238853503184713,0.0732484076433121,0.036624203821656,0.0684713375796178,0.0238853503184713,0.0445859872611465,0.111464968152866,0.0429936305732484,0.0207006369426752,0.0445859872611465,0.0509554140127389,0.0843949044585987,0.0461783439490446,0.0127388535031847,0.0159235668789809,0.0764331210191083
"seq8578",0.0748407643312102,0.0573248407643312,0.0461783439490446,0.0493630573248408,0.0238853503184713,0.0668789808917197,0.0398089171974522,0.0732484076433121,0.0191082802547771,0.0445859872611465,0.111464968152866,0.0477707006369427,0.0207006369426752,0.0429936305732484,0.0509554140127389,0.0828025477707006,0.0414012738853503,0.0127388535031847,0.0159235668789809,0.0780254777070064
"seq8579",0.0805970149253731,0.0149253731343284,0.0358208955223881,0.0626865671641791,0.00298507462686567,0.0477611940298507,0.0417910447761194,0.0985074626865672,0.00597014925373134,0.0746268656716418,0.0985074626865672,0.0776119402985075,0.0388059701492537,0.026865671641791,0.0417910447761194,0.0417910447761194,0.0537313432835821,0.00597014925373134,0.0388059701492537,0.11044776119403
"seq8580",0.0574712643678161,0.0718390804597701,0.028735632183908,0.0316091954022989,0.0201149425287356,0.0517241379310345,0.028735632183908,0.0632183908045977,0.028735632183908,0.0517241379310345,0.126436781609195,0.0201149425287356,0.0258620689655172,0.0459770114942529,0.0603448275862069,0.0718390804597701,0.0890804597701149,0.0316091954022989,0.0229885057471264,0.0718390804597701
"seq8581",0.0735198438516591,0.0533506831489915,0.0572543916720885,0.0533506831489915,0.0214703968770332,0.0507482108002602,0.0338321405335068,0.0644111906310995,0.0305790500975927,0.0540013012361744,0.0949902407286923,0.0390370852309694,0.0214703968770332,0.0338321405335068,0.0527000650618087,0.0819778789850358,0.0676642810670137,0.0136629798308393,0.0416395575797007,0.0605074821080026
"seq8582",0.052060737527115,0.0607375271149675,0.0281995661605206,0.0650759219088937,0.052060737527115,0.0737527114967462,0.0325379609544469,0.0759219088937093,0.0390455531453362,0.0390455531453362,0.106290672451193,0.052060737527115,0.017353579175705,0.0325379609544469,0.0433839479392625,0.0780911062906725,0.0390455531453362,0.0325379609544469,0.017353579175705,0.0629067245119306
"seq8583",0.0530973451327434,0.0412979351032448,0.0501474926253687,0.0471976401179941,0.0501474926253687,0.0589970501474926,0.0294985250737463,0.103244837758112,0.0324483775811209,0.0442477876106195,0.0619469026548673,0.0442477876106195,0.0206489675516224,0.0324483775811209,0.0589970501474926,0.079646017699115,0.0442477876106195,0.0353982300884956,0.0501474926253687,0.0619469026548673
"seq8584",0.0723404255319149,0.0851063829787234,0.0297872340425532,0.0595744680851064,0.025531914893617,0.0893617021276596,0.051063829787234,0.0468085106382979,0.0170212765957447,0.0468085106382979,0.0893617021276596,0.0680851063829787,0.025531914893617,0.0553191489361702,0.0553191489361702,0.0638297872340425,0.0382978723404255,0.0212765957446809,0.0297872340425532,0.0297872340425532
"seq8585",0.0537313432835821,0.0328358208955224,0.0567164179104478,0.0447761194029851,0.0537313432835821,0.0597014925373134,0.0208955223880597,0.116417910447761,0.0298507462686567,0.0447761194029851,0.0656716417910448,0.0477611940298507,0.0149253731343284,0.0388059701492537,0.0567164179104478,0.0865671641791045,0.0388059701492537,0.0298507462686567,0.0417910447761194,0.0656716417910448
"seq8586",0.0935960591133005,0.0525451559934319,0.0262725779967159,0.0459770114942529,0.0262725779967159,0.0738916256157636,0.0328407224958949,0.0607553366174056,0.0344827586206897,0.0377668308702791,0.09688013136289,0.0509031198686371,0.0114942528735632,0.0361247947454844,0.0623973727422003,0.0870279146141215,0.0426929392446634,0.0114942528735632,0.0394088669950739,0.077175697865353
"seq8587",0.0596107055961071,0.048661800486618,0.037712895377129,0.0608272506082725,0.0231143552311436,0.0669099756690998,0.0291970802919708,0.0571776155717762,0.0267639902676399,0.0389294403892944,0.0985401459854015,0.0596107055961071,0.0304136253041363,0.0218978102189781,0.0693430656934307,0.0900243309002433,0.0510948905109489,0.0182481751824818,0.0352798053527981,0.0766423357664234
"seq8588",0.0688202247191011,0.0632022471910112,0.0547752808988764,0.0533707865168539,0.0224719101123595,0.0519662921348315,0.047752808988764,0.0589887640449438,0.0210674157303371,0.0435393258426966,0.109550561797753,0.0561797752808989,0.0168539325842697,0.0519662921348315,0.0617977528089888,0.0603932584269663,0.0632022471910112,0.0224719101123595,0.0224719101123595,0.0491573033707865
"seq8589",0.0688202247191011,0.0646067415730337,0.0547752808988764,0.0533707865168539,0.0224719101123595,0.0519662921348315,0.0463483146067416,0.0589887640449438,0.0210674157303371,0.0435393258426966,0.110955056179775,0.0561797752808989,0.0168539325842697,0.0491573033707865,0.0617977528089888,0.0603932584269663,0.0617977528089888,0.0224719101123595,0.0224719101123595,0.0519662921348315
"seq8590",0.0501474926253687,0.0353982300884956,0.0619469026548673,0.0501474926253687,0.0471976401179941,0.0589970501474926,0.023598820058997,0.115044247787611,0.0294985250737463,0.0619469026548673,0.056047197640118,0.0412979351032448,0.0176991150442478,0.0324483775811209,0.0501474926253687,0.0825958702064897,0.0471976401179941,0.0353982300884956,0.0471976401179941,0.056047197640118
"seq8591",0.108391608391608,0.0594405594405594,0.0314685314685315,0.0769230769230769,0.0034965034965035,0.0314685314685315,0.027972027972028,0.101398601398601,0.0314685314685315,0.0629370629370629,0.0804195804195804,0.0314685314685315,0.0314685314685315,0.0244755244755245,0.048951048951049,0.0594405594405594,0.0524475524475524,0.0104895104895105,0.0174825174825175,0.108391608391608
"seq8592",0.117710583153348,0.0399568034557235,0.0334773218142549,0.0777537796976242,0.00215982721382289,0.0302375809935205,0.0259179265658747,0.140388768898488,0.00863930885529158,0.0259179265658747,0.0464362850971922,0.0215982721382289,0.0107991360691145,0.0323974082073434,0.0615550755939525,0.0896328293736501,0.0961123110151188,0.0399568034557235,0.0345572354211663,0.0647948164146868
"seq8593",0.0754039497307002,0.0682226211849192,0.0215439856373429,0.0628366247755835,0.0197486535008977,0.0466786355475763,0.0341113105924596,0.0951526032315978,0.0215439856373429,0.052064631956912,0.0933572710951526,0.0377019748653501,0.0197486535008977,0.0484739676840215,0.052064631956912,0.0754039497307002,0.0538599640933573,0.0179533213644524,0.0430879712746858,0.0610412926391382
"seq8594",0.120879120879121,0.0681318681318681,0.00659340659340659,0.0307692307692308,0.0043956043956044,0.0967032967032967,0.0175824175824176,0.105494505494505,0.0307692307692308,0.0549450549450549,0.101098901098901,0.0549450549450549,0.0175824175824176,0.021978021978022,0.0461538461538462,0.032967032967033,0.043956043956044,0.00659340659340659,0.0285714285714286,0.10989010989011
"seq8595",0.0935143288084465,0.0301659125188537,0.0422322775263952,0.0558069381598793,0.00452488687782805,0.0784313725490196,0.0301659125188537,0.0980392156862745,0.024132730015083,0.0558069381598793,0.081447963800905,0.0678733031674208,0.0271493212669683,0.0331825037707391,0.0407239819004525,0.0648567119155355,0.0497737556561086,0.0165912518853695,0.0377073906485671,0.0678733031674208
"seq8596",0.105263157894737,0.0219298245614035,0.0307017543859649,0.0833333333333333,0.0175438596491228,0.0921052631578947,0.0175438596491228,0.0657894736842105,0.0131578947368421,0.0614035087719298,0.087719298245614,0.0657894736842105,0.0350877192982456,0.0307017543859649,0.0307017543859649,0.043859649122807,0.0394736842105263,0.0087719298245614,0.043859649122807,0.105263157894737
"seq8597",0.0326086956521739,0.0760869565217391,0.0489130434782609,0.0625,0.00271739130434783,0.0951086956521739,0.0135869565217391,0.0489130434782609,0.0190217391304348,0.0815217391304348,0.111413043478261,0.0706521739130435,0.0135869565217391,0.046195652173913,0.046195652173913,0.0679347826086956,0.0489130434782609,0.0135869565217391,0.0380434782608696,0.0625
"seq8598",0.0544959128065395,0.0381471389645777,0.0653950953678474,0.0653950953678474,0.00544959128065395,0.0735694822888283,0.0354223433242507,0.0626702997275204,0.0299727520435967,0.0762942779291553,0.0681198910081744,0.0953678474114441,0.0190735694822888,0.0572207084468665,0.0354223433242507,0.0299727520435967,0.0408719346049046,0.0108991825613079,0.0735694822888283,0.0626702997275204
"seq8599",0.0407608695652174,0.0353260869565217,0.0733695652173913,0.0516304347826087,0.016304347826087,0.0733695652173913,0.0380434782608696,0.0625,0.0244565217391304,0.0923913043478261,0.0652173913043478,0.10054347826087,0.016304347826087,0.0516304347826087,0.0353260869565217,0.0353260869565217,0.0434782608695652,0.0108695652173913,0.0896739130434783,0.0434782608695652
"seq8600",0.130111524163569,0.0706319702602231,0.0223048327137546,0.0557620817843866,0.0185873605947955,0.0743494423791822,0.0223048327137546,0.0743494423791822,0.0408921933085502,0.0631970260223048,0.0706319702602231,0.0371747211895911,0.0408921933085502,0.033457249070632,0.0408921933085502,0.033457249070632,0.0446096654275093,0.0223048327137546,0.0185873605947955,0.0855018587360595
"seq8601",0.0665224445646295,0.0427257977285019,0.0448891292590589,0.0546241211465657,0.0210924824229313,0.0746349378042185,0.0594916170903191,0.0454299621416982,0.0237966468361276,0.065440778799351,0.0989724175229854,0.0627366143861547,0.0243374797187669,0.0459707950243375,0.0383991346673878,0.0784207679826933,0.0605732828555976,0.0108166576527853,0.0227149810708491,0.0584099513250406
"seq8602",0.0509554140127389,0.054140127388535,0.0414012738853503,0.0509554140127389,0,0.10828025477707,0.0286624203821656,0.0796178343949045,0.0414012738853503,0.0573248407643312,0.0828025477707006,0.0636942675159236,0.0222929936305732,0.054140127388535,0.0382165605095541,0.0573248407643312,0.054140127388535,0.0127388535031847,0.0382165605095541,0.0636942675159236
"seq8603",0.108433734939759,0.0522088353413655,0.0401606425702811,0.0622489959839357,0.0100401606425703,0.0542168674698795,0.0240963855421687,0.106425702811245,0.0180722891566265,0.0783132530120482,0.0582329317269076,0.0441767068273092,0.0381526104417671,0.0421686746987952,0.0582329317269076,0.0542168674698795,0.0441767068273092,0.0100401606425703,0.0240963855421687,0.072289156626506
"seq8604",0.109704641350211,0.0717299578059072,0.00421940928270042,0.0717299578059072,0.00421940928270042,0.080168776371308,0.00843881856540084,0.0970464135021097,0.0464135021097046,0.00843881856540084,0.0843881856540084,0.0253164556962025,0.0210970464135021,0.0590717299578059,0.0337552742616034,0.0632911392405063,0.0632911392405063,0.0126582278481013,0.029535864978903,0.105485232067511
