"","A","R","N","D","C","E","Q","G","H","I","L","K","M","F","P","S","T","W","Y","V"
"seq6501",0.115646258503401,0.102040816326531,0.0204081632653061,0.0476190476190476,0,0.0816326530612245,0.0408163265306122,0.0816326530612245,0.0136054421768707,0.0204081632653061,0.0748299319727891,0.0204081632653061,0.0204081632653061,0.0136054421768707,0.0748299319727891,0.0476190476190476,0.054421768707483,0.0272108843537415,0.0476190476190476,0.0952380952380952
"seq6502",0.05,0.0473684210526316,0.0578947368421053,0.0342105263157895,0.0157894736842105,0.0368421052631579,0.0447368421052632,0.0473684210526316,0.0394736842105263,0.0526315789473684,0.110526315789474,0.068421052631579,0.0263157894736842,0.0736842105263158,0.0447368421052632,0.0763157894736842,0.0631578947368421,0.0157894736842105,0.0421052631578947,0.0526315789473684
"seq6503",0.0702702702702703,0.0756756756756757,0.0324324324324324,0.0756756756756757,0.0216216216216216,0.0594594594594595,0.0324324324324324,0.0918918918918919,0.0378378378378378,0.0432432432432432,0.0972972972972973,0.0162162162162162,0.0432432432432432,0.0216216216216216,0.0540540540540541,0.0324324324324324,0.0594594594594595,0.0324324324324324,0.0162162162162162,0.0864864864864865
"seq6504",0.0898483080513419,0.0396732788798133,0.0653442240373396,0.0665110851808635,0.0105017502917153,0.0350058343057176,0.0408401400233372,0.110851808634772,0.015169194865811,0.0420070011668611,0.0700116686114352,0.029171528588098,0.0175029171528588,0.0338389731621937,0.0676779463243874,0.05950991831972,0.0653442240373396,0.0233372228704784,0.0431738623103851,0.0746791131855309
"seq6505",0.125766871165644,0.0398773006134969,0.0429447852760736,0.0460122699386503,0.0582822085889571,0.0552147239263804,0.0214723926380368,0.0582822085889571,0.0552147239263804,0.0398773006134969,0.0705521472392638,0.0736196319018405,0.0368098159509202,0.0122699386503067,0.0736196319018405,0.0460122699386503,0.0828220858895705,0.00306748466257669,0.0122699386503067,0.0460122699386503
"seq6506",0.0569306930693069,0.0445544554455446,0.0594059405940594,0.0618811881188119,0,0.0693069306930693,0.0297029702970297,0.0841584158415842,0.0198019801980198,0.0915841584158416,0.0965346534653465,0.0767326732673267,0.0173267326732673,0.0222772277227723,0.0346534653465347,0.047029702970297,0.0569306930693069,0.00247524752475248,0.0346534653465347,0.0940594059405941
"seq6507",0.104815864022663,0.0311614730878187,0.0368271954674221,0.0453257790368272,0.0056657223796034,0.0793201133144476,0.0254957507082153,0.0708215297450425,0.0226628895184136,0.0708215297450425,0.084985835694051,0.0934844192634561,0.0311614730878187,0.0169971671388102,0.0424929178470255,0.056657223796034,0.0538243626062323,0.0028328611898017,0.0254957507082153,0.0991501416430595
"seq6508",0.151724137931034,0.0344827586206897,0.0689655172413793,0.0206896551724138,0.0137931034482759,0.0551724137931034,0.0482758620689655,0.0896551724137931,0.0206896551724138,0.0344827586206897,0.0896551724137931,0.0344827586206897,0.0206896551724138,0.0206896551724138,0.0344827586206897,0.0689655172413793,0.0620689655172414,0,0.0275862068965517,0.103448275862069
"seq6509",0.0761451516954194,0.0467975411461432,0.0343049771961134,0.0602815784255404,0.0105096172912949,0.0783263930200278,0.0442197104897878,0.0705929010509617,0.0275629585564148,0.0608764624231608,0.0908189569700575,0.0561173904421971,0.0230021812413246,0.0398572278405711,0.0430299424945469,0.0745587943684315,0.0561173904421971,0.0136823319452707,0.0309339678762641,0.0622645250842752
"seq6510",0.061624649859944,0.103641456582633,0.0392156862745098,0.0588235294117647,0.00280112044817927,0.100840336134454,0.0168067226890756,0.0448179271708683,0.0140056022408964,0.0840336134453782,0.109243697478992,0.0756302521008403,0.00840336134453781,0.0420168067226891,0.0504201680672269,0.0336134453781513,0.0420168067226891,0.00280112044817927,0.0336134453781513,0.0756302521008403
"seq6511",0.0972222222222222,0.0277777777777778,0.0324074074074074,0.0601851851851852,0.0138888888888889,0.0833333333333333,0.0833333333333333,0.0462962962962963,0.0277777777777778,0.0787037037037037,0.162037037037037,0.0509259259259259,0.037037037037037,0.0231481481481481,0.0185185185185185,0.0694444444444444,0.0231481481481481,0,0.0324074074074074,0.0324074074074074
"seq6512",0.153094462540717,0.0814332247557003,0.0228013029315961,0.0749185667752443,0.0130293159609121,0.0390879478827362,0.0228013029315961,0.0944625407166124,0.0162866449511401,0.0325732899022801,0.100977198697068,0.0195439739413681,0.0195439739413681,0.0228013029315961,0.0553745928338762,0.0390879478827362,0.0846905537459283,0.00977198697068404,0.0293159609120521,0.0684039087947883
"seq6513",0.135593220338983,0.0338983050847458,0.0338983050847458,0.0440677966101695,0.0101694915254237,0.0644067796610169,0.0610169491525424,0.0644067796610169,0.0203389830508475,0.0576271186440678,0.115254237288136,0.0305084745762712,0.0372881355932203,0.0372881355932203,0.0508474576271186,0.0813559322033898,0.0440677966101695,0.00338983050847458,0.0372881355932203,0.0372881355932203
"seq6514",0.049618320610687,0.0572519083969466,0.0572519083969466,0.049618320610687,0.0381679389312977,0.0419847328244275,0.0152671755725191,0.083969465648855,0.0267175572519084,0.0687022900763359,0.103053435114504,0.0725190839694656,0.0305343511450382,0.0190839694656489,0.049618320610687,0.0687022900763359,0.049618320610687,0.0152671755725191,0.0267175572519084,0.0763358778625954
"seq6515",0.0963302752293578,0.0229357798165138,0.0596330275229358,0.0412844036697248,0.0137614678899083,0.0688073394495413,0.0275229357798165,0.055045871559633,0.0321100917431193,0.0688073394495413,0.100917431192661,0.073394495412844,0.0504587155963303,0.036697247706422,0.0229357798165138,0.0688073394495413,0.0596330275229358,0.00458715596330275,0.0321100917431193,0.0642201834862385
"seq6516",0.0810810810810811,0.0393120393120393,0.058968058968059,0.0737100737100737,0,0.0565110565110565,0.0466830466830467,0.0540540540540541,0.0221130221130221,0.0663390663390663,0.0712530712530713,0.0958230958230958,0.0245700245700246,0.0368550368550369,0.0565110565110565,0.0319410319410319,0.0393120393120393,0.0221130221130221,0.0515970515970516,0.0712530712530713
"seq6517",0.1328125,0.0703125,0.03125,0.0625,0.01171875,0.078125,0.03125,0.0859375,0.03125,0.015625,0.1171875,0.015625,0.015625,0.04296875,0.0546875,0.0390625,0.0390625,0.00390625,0.03515625,0.0859375
"seq6518",0.140056022408964,0.0868347338935574,0.0140056022408964,0.0476190476190476,0.0168067226890756,0.0700280112044818,0.0252100840336134,0.0868347338935574,0.0280112044817927,0.0392156862745098,0.109243697478992,0.0224089635854342,0.0252100840336134,0.0336134453781513,0.0588235294117647,0.0532212885154062,0.0224089635854342,0.0168067226890756,0.0252100840336134,0.0784313725490196
"seq6519",0.0741525423728814,0.0572033898305085,0.0434322033898305,0.0656779661016949,0.013771186440678,0.0529661016949153,0.048728813559322,0.0752118644067797,0.024364406779661,0.0201271186440678,0.114406779661017,0.024364406779661,0.0127118644067797,0.0317796610169492,0.0709745762711864,0.103813559322034,0.0667372881355932,0.00529661016949153,0.0211864406779661,0.0730932203389831
"seq6520",0.141274238227147,0.0498614958448753,0.0470914127423823,0.0637119113573407,0.00554016620498615,0.054016620498615,0.0429362880886427,0.0858725761772853,0.00969529085872576,0.0332409972299169,0.0983379501385042,0.0650969529085873,0.0221606648199446,0.0332409972299169,0.0498614958448753,0.0401662049861496,0.0443213296398892,0.018005540166205,0.038781163434903,0.056786703601108
"seq6521",0.164044943820225,0.0382022471910112,0.0539325842696629,0.0719101123595506,0.00449438202247191,0.0224719101123595,0.0247191011235955,0.107865168539326,0.0179775280898876,0.0337078651685393,0.0696629213483146,0.0382022471910112,0.00674157303370787,0.0269662921348315,0.049438202247191,0.0786516853932584,0.0696629213483146,0.0157303370786517,0.0382022471910112,0.0674157303370786
"seq6522",0.165242165242165,0.0626780626780627,0.0256410256410256,0.0199430199430199,0.0056980056980057,0.0797720797720798,0.0199430199430199,0.094017094017094,0.0199430199430199,0.037037037037037,0.113960113960114,0.0455840455840456,0.0142450142450142,0.0227920227920228,0.0712250712250712,0.037037037037037,0.0484330484330484,0.0056980056980057,0.0284900284900285,0.0826210826210826
"seq6523",0.075968992248062,0.0356589147286822,0.0294573643410853,0.0852713178294574,0.00930232558139535,0.0961240310077519,0.0325581395348837,0.0527131782945736,0.013953488372093,0.0434108527131783,0.075968992248062,0.10077519379845,0.0124031007751938,0.0496124031007752,0.062015503875969,0.0542635658914729,0.0372093023255814,0.00775193798449612,0.0418604651162791,0.0837209302325581
"seq6524",0.164705882352941,0.0509803921568627,0.0431372549019608,0.0470588235294118,0.0235294117647059,0.0156862745098039,0.0431372549019608,0.133333333333333,0.0274509803921569,0.0313725490196078,0.0666666666666667,0.0196078431372549,0.0196078431372549,0.0352941176470588,0.0470588235294118,0.0705882352941176,0.0627450980392157,0.0156862745098039,0.0274509803921569,0.0549019607843137
"seq6525",0.059504132231405,0.0495867768595041,0.0545454545454545,0.0504132231404959,0.0495867768595041,0.0636363636363636,0.040495867768595,0.0702479338842975,0.0256198347107438,0.0570247933884298,0.0917355371900826,0.0545454545454545,0.0206611570247934,0.0297520661157025,0.0619834710743802,0.0694214876033058,0.0528925619834711,0.0107438016528926,0.0297520661157025,0.0578512396694215
"seq6526",0.0818181818181818,0.0181818181818182,0.0772727272727273,0.05,0.00454545454545455,0.0454545454545455,0.0409090909090909,0.0727272727272727,0.0227272727272727,0.0681818181818182,0.104545454545455,0.0954545454545455,0.00909090909090909,0.0409090909090909,0.0318181818181818,0.0772727272727273,0.05,0.00909090909090909,0.0454545454545455,0.0545454545454545
"seq6527",0.162962962962963,0.0814814814814815,0.0240740740740741,0.0611111111111111,0.00740740740740741,0.0481481481481481,0.0296296296296296,0.0851851851851852,0.012962962962963,0.0407407407407407,0.114814814814815,0.0166666666666667,0.0166666666666667,0.0203703703703704,0.0777777777777778,0.0592592592592593,0.0555555555555556,0.00925925925925926,0.0259259259259259,0.05
"seq6528",0.0942760942760943,0.0707070707070707,0.0168350168350168,0.0909090909090909,0.00673400673400673,0.0538720538720539,0.0235690235690236,0.0774410774410774,0.0269360269360269,0.0437710437710438,0.101010101010101,0.0235690235690236,0.0134680134680135,0.0471380471380471,0.0740740740740741,0.0538720538720539,0.0505050505050505,0.0134680134680135,0.0303030303030303,0.0875420875420875
"seq6529",0.0955414012738854,0.089171974522293,0.0191082802547771,0.0636942675159236,0.0127388535031847,0.0445859872611465,0.0382165605095541,0.105095541401274,0.035031847133758,0.035031847133758,0.0923566878980892,0.0191082802547771,0.00955414012738853,0.0414012738853503,0.0573248407643312,0.0318471337579618,0.0732484076433121,0.0191082802547771,0.035031847133758,0.0828025477707006
"seq6530",0.088785046728972,0.0389408099688473,0.0482866043613707,0.0529595015576324,0.00155763239875389,0.0514018691588785,0.0482866043613707,0.0685358255451713,0.0171339563862928,0.0669781931464174,0.0825545171339564,0.0903426791277259,0.0311526479750779,0.0389408099688473,0.0529595015576324,0.0654205607476635,0.0514018691588785,0.00311526479750779,0.0264797507788162,0.0747663551401869
"seq6531",0.103658536585366,0.0670731707317073,0.0304878048780488,0.0487804878048781,0.0213414634146341,0.0640243902439024,0.0304878048780488,0.0762195121951219,0.0182926829268293,0.0548780487804878,0.125,0.0457317073170732,0.0182926829268293,0.0274390243902439,0.0579268292682927,0.0487804878048781,0.0670731707317073,0.0121951219512195,0.0121951219512195,0.0701219512195122
"seq6532",0.044280442804428,0.033210332103321,0.0590405904059041,0.0479704797047971,0.011070110701107,0.0701107011070111,0.0811808118081181,0.0479704797047971,0.022140221402214,0.0627306273062731,0.0516605166051661,0.0627306273062731,0.022140221402214,0.0516605166051661,0.0479704797047971,0.0627306273062731,0.0811808118081181,0.00738007380073801,0.0738007380073801,0.0590405904059041
"seq6533",0.0512445095168375,0.0366032210834553,0.0702781844802343,0.0497803806734993,0.00439238653001464,0.0366032210834553,0.0351390922401171,0.089311859443631,0.0146412884333821,0.0644216691068814,0.0717423133235725,0.0453879941434846,0.0175695461200586,0.0366032210834553,0.0629575402635432,0.0849194729136164,0.105417276720351,0.0146412884333821,0.04099560761347,0.0673499267935578
"seq6534",0.0497803806734993,0.0380673499267936,0.0702781844802343,0.0497803806734993,0.00439238653001464,0.0366032210834553,0.0351390922401171,0.0907759882869693,0.0146412884333821,0.0629575402635432,0.0717423133235725,0.0453879941434846,0.0175695461200586,0.0366032210834553,0.061493411420205,0.0863836017569546,0.103953147877013,0.0146412884333821,0.04099560761347,0.068814055636896
"seq6535",0.0551181102362205,0.0748031496062992,0.0669291338582677,0.0433070866141732,0.0196850393700787,0.0590551181102362,0.047244094488189,0.0393700787401575,0.0196850393700787,0.0393700787401575,0.078740157480315,0.133858267716535,0.015748031496063,0.0196850393700787,0.0511811023622047,0.0866141732283465,0.0511811023622047,0,0.0236220472440945,0.0748031496062992
"seq6536",0.0778688524590164,0.0450819672131148,0.0286885245901639,0.0737704918032787,0.00819672131147541,0.0614754098360656,0.0901639344262295,0.069672131147541,0.0450819672131148,0.0491803278688525,0.118852459016393,0.0245901639344262,0.0163934426229508,0.0245901639344262,0.0450819672131148,0.069672131147541,0.0368852459016393,0.0286885245901639,0.0450819672131148,0.040983606557377
"seq6537",0.0287769784172662,0.0647482014388489,0.0431654676258993,0.0647482014388489,0.0719424460431655,0.0863309352517986,0.0215827338129496,0.0431654676258993,0.0287769784172662,0.0431654676258993,0.0935251798561151,0.0503597122302158,0.0431654676258993,0.0503597122302158,0.0359712230215827,0.0719424460431655,0.0647482014388489,0.00719424460431655,0.0359712230215827,0.0503597122302158
"seq6538",0.124688279301746,0.0698254364089776,0.0199501246882793,0.0498753117206983,0.00498753117206983,0.0773067331670823,0.0324189526184539,0.0723192019950125,0.0399002493765586,0.027431421446384,0.0997506234413965,0.0199501246882793,0.00748129675810474,0.0548628428927681,0.0773067331670823,0.0374064837905237,0.0399002493765586,0.0149625935162095,0.0224438902743142,0.107231920199501
"seq6539",0.0973154362416107,0.0402684563758389,0.0352348993288591,0.0738255033557047,0.00335570469798658,0.0721476510067114,0.0318791946308725,0.0838926174496644,0.023489932885906,0.0486577181208054,0.0822147651006711,0.0520134228187919,0.0218120805369128,0.0318791946308725,0.0620805369127517,0.0536912751677852,0.0687919463087248,0.0184563758389262,0.0352348993288591,0.063758389261745
"seq6540",0.0461165048543689,0.0473300970873786,0.0509708737864078,0.0788834951456311,0.0424757281553398,0.0703883495145631,0.0400485436893204,0.0546116504854369,0.0242718446601942,0.0424757281553398,0.0764563106796116,0.0752427184466019,0.0182038834951456,0.0436893203883495,0.0558252427184466,0.0776699029126214,0.0497572815533981,0.00728155339805825,0.0315533980582524,0.066747572815534
"seq6541",0.0551724137931034,0.0689655172413793,0.0620689655172414,0.0275862068965517,0,0.0896551724137931,0.0344827586206897,0.096551724137931,0.0344827586206897,0.0689655172413793,0.0620689655172414,0.0758620689655172,0.0206896551724138,0.0206896551724138,0.0413793103448276,0.0620689655172414,0.0689655172413793,0.00689655172413793,0.0482758620689655,0.0551724137931034
"seq6542",0.0732600732600733,0.043956043956044,0.0293040293040293,0.0512820512820513,0.021978021978022,0.0879120879120879,0.0402930402930403,0.117216117216117,0.00732600732600733,0.0732600732600733,0.0952380952380952,0.0586080586080586,0.0402930402930403,0.0183150183150183,0.032967032967033,0.0476190476190476,0.0476190476190476,0,0.043956043956044,0.0695970695970696
"seq6543",0.0788091068301226,0.0612959719789842,0.0595446584938704,0.0612959719789842,0.00700525394045534,0.0560420315236427,0.0385288966725044,0.0647985989492119,0.0175131348511384,0.0402802101576182,0.0770577933450088,0.0332749562171629,0.021015761821366,0.042031523642732,0.0735551663747811,0.0735551663747811,0.0753064798598949,0.00875656742556918,0.0402802101576182,0.0700525394045534
"seq6544",0.0503978779840849,0.0610079575596817,0.0450928381962865,0.0450928381962865,0.013262599469496,0.0822281167108753,0.0371352785145889,0.0663129973474801,0.0212201591511936,0.0530503978779841,0.10079575596817,0.0583554376657825,0.0212201591511936,0.0663129973474801,0.0371352785145889,0.0716180371352785,0.0503978779840849,0.013262599469496,0.0424403183023873,0.0636604774535809
"seq6545",0.0714285714285714,0.0678571428571429,0.0285714285714286,0.0535714285714286,0.0285714285714286,0.0785714285714286,0.0678571428571429,0.0428571428571429,0.0107142857142857,0.0285714285714286,0.117857142857143,0.0464285714285714,0.0178571428571429,0.025,0.0821428571428571,0.075,0.0357142857142857,0.0214285714285714,0.0214285714285714,0.0785714285714286
"seq6546",0.0870588235294118,0.0423529411764706,0.0282352941176471,0.0564705882352941,0.0682352941176471,0.0823529411764706,0.0494117647058823,0.0705882352941176,0.0211764705882353,0.0235294117647059,0.0847058823529412,0.0258823529411765,0.0117647058823529,0.00941176470588235,0.0658823529411765,0.0894117647058824,0.0752941176470588,0.0117647058823529,0.0211764705882353,0.0752941176470588
"seq6547",0.0975935828877005,0.0641711229946524,0.0334224598930481,0.0454545454545455,0.018716577540107,0.0574866310160428,0.0427807486631016,0.0668449197860963,0.0280748663101604,0.0213903743315508,0.121657754010695,0.0347593582887701,0.0160427807486631,0.0481283422459893,0.070855614973262,0.0802139037433155,0.0441176470588235,0.018716577540107,0.0254010695187166,0.0641711229946524
"seq6548",0.121820615796519,0.07095046854083,0.036144578313253,0.034805890227577,0.0187416331994645,0.0602409638554217,0.034805890227577,0.0669344042838019,0.0281124497991968,0.0227576974564926,0.111111111111111,0.0441767068273092,0.0147255689424364,0.0481927710843374,0.072289156626506,0.0655957161981258,0.034805890227577,0.0227576974564926,0.0227576974564926,0.0682730923694779
"seq6549",0.0825242718446602,0.0566343042071197,0.0161812297734628,0.0501618122977346,0.029126213592233,0.0711974110032362,0.0485436893203883,0.0679611650485437,0.0307443365695793,0.0355987055016181,0.116504854368932,0.0355987055016181,0.00970873786407767,0.040453074433657,0.0663430420711974,0.0614886731391586,0.0614886731391586,0.00809061488673139,0.0275080906148867,0.0841423948220065
"seq6550",0.116071428571429,0.0714285714285714,0.0416666666666667,0.0744047619047619,0.00892857142857143,0.0625,0.0208333333333333,0.110119047619048,0.0119047619047619,0.0833333333333333,0.0952380952380952,0.0446428571428571,0.0416666666666667,0.0119047619047619,0.0327380952380952,0.0327380952380952,0.0476190476190476,0.00297619047619048,0.0148809523809524,0.0744047619047619
"seq6551",0.134057971014493,0.0688405797101449,0.0217391304347826,0.0579710144927536,0.0036231884057971,0.0543478260869565,0.0688405797101449,0.0615942028985507,0.0253623188405797,0.0579710144927536,0.0905797101449275,0.0434782608695652,0.0144927536231884,0.0326086956521739,0.072463768115942,0.0289855072463768,0.0398550724637681,0.0253623188405797,0.0434782608695652,0.0543478260869565
"seq6552",0.140243902439024,0.0609756097560976,0.024390243902439,0.0487804878048781,0.0182926829268293,0.0487804878048781,0.0182926829268293,0.0792682926829268,0.00609756097560976,0.0548780487804878,0.140243902439024,0.0426829268292683,0.0121951219512195,0.0426829268292683,0.0548780487804878,0.0548780487804878,0.0426829268292683,0.024390243902439,0.0182926829268293,0.0670731707317073
"seq6553",0.0752602081665332,0.0528422738190552,0.0432345876701361,0.0496397117694155,0.0192153722978383,0.0608486789431545,0.0528422738190552,0.0624499599679744,0.0240192153722978,0.0432345876701361,0.0904723779023219,0.0712570056044836,0.0208166533226581,0.0280224179343475,0.0592473979183347,0.0992794235388311,0.0568454763811049,0.00880704563650921,0.0192153722978383,0.0624499599679744
"seq6554",0.0334378265412748,0.0456287008011146,0.0654824103099965,0.0602577499129223,0.126088470916057,0.0700104493207941,0.0348310693138279,0.106931382793452,0.0167189132706374,0.0518982932776036,0.0491118077324974,0.038662486938349,0.0181121560431905,0.0292580982236155,0.0609543712991989,0.0602577499129223,0.0578195750609544,0.00452803901079763,0.03239289446186,0.0376175548589342
"seq6555",0.0711297071129707,0.047071129707113,0.051255230125523,0.0784518828451883,0.00836820083682008,0.0554393305439331,0.0428870292887029,0.0669456066945607,0.0188284518828452,0.0449790794979079,0.101464435146444,0.0439330543933054,0.00523012552301255,0.0376569037656904,0.0721757322175732,0.0878661087866109,0.0523012552301255,0.00836820083682008,0.0240585774058577,0.0815899581589958
"seq6556",0.0786637931034483,0.0484913793103448,0.052801724137931,0.0797413793103448,0.00862068965517241,0.0495689655172414,0.0452586206896552,0.0711206896551724,0.0183189655172414,0.0398706896551724,0.106681034482759,0.0355603448275862,0.00754310344827586,0.0377155172413793,0.0646551724137931,0.0851293103448276,0.0560344827586207,0.00754310344827586,0.0258620689655172,0.0808189655172414
"seq6557",0.0738423028785982,0.0225281602002503,0.0450563204005006,0.0826032540675845,0.00250312891113892,0.0638297872340425,0.0375469336670839,0.097622027534418,0.0200250312891114,0.032540675844806,0.0550688360450563,0.102628285356696,0.0150187734668335,0.0387984981226533,0.0438047559449312,0.0625782227784731,0.0625782227784731,0.0137672090112641,0.0475594493116396,0.0801001251564456
"seq6558",0.0679933665008292,0.0796019900497512,0.0398009950248756,0.0630182421227197,0.021558872305141,0.0580431177446103,0.0298507462686567,0.0696517412935323,0.0281923714759536,0.0447761194029851,0.0829187396351575,0.0580431177446103,0.0265339966832504,0.0381426202321725,0.0646766169154229,0.0597014925373134,0.0414593698175788,0.0281923714759536,0.0364842454394693,0.0613598673300166
"seq6559",0.0725,0.01125,0.09875,0.065,0,0.02625,0.04125,0.06125,0.00375,0.0575,0.12125,0.0625,0.01,0.02875,0.0475,0.0775,0.13125,0.01375,0.03,0.04
"seq6560",0.134831460674157,0.0449438202247191,0.0112359550561798,0.0561797752808989,0.00561797752808989,0.0674157303370786,0.0393258426966292,0.106741573033708,0.0393258426966292,0.0280898876404494,0.0730337078651685,0.0393258426966292,0.0224719101123595,0.0224719101123595,0.0617977528089888,0.0842696629213483,0.0561797752808989,0,0.0112359550561798,0.0955056179775281
"seq6561",0.0700854700854701,0.0341880341880342,0.0324786324786325,0.0786324786324786,0.00341880341880342,0.0683760683760684,0.0239316239316239,0.0991452991452991,0.0170940170940171,0.0632478632478632,0.0717948717948718,0.0717948717948718,0.0324786324786325,0.0461538461538462,0.0581196581196581,0.064957264957265,0.0564102564102564,0.00683760683760684,0.0341880341880342,0.0666666666666667
"seq6562",0.0959409594095941,0.033210332103321,0.0590405904059041,0.0701107011070111,0.003690036900369,0.0738007380073801,0.03690036900369,0.0811808118081181,0.00738007380073801,0.0848708487084871,0.0885608856088561,0.0848708487084871,0.022140221402214,0.040590405904059,0.018450184501845,0.040590405904059,0.0738007380073801,0.00738007380073801,0.025830258302583,0.0516605166051661
"seq6563",0.0797872340425532,0.0851063829787234,0.0265957446808511,0.0585106382978723,0,0.117021276595745,0.0585106382978723,0.0425531914893617,0.0212765957446809,0.0851063829787234,0.0904255319148936,0.0638297872340425,0.0106382978723404,0.0372340425531915,0.0106382978723404,0.0638297872340425,0.0478723404255319,0,0.0106382978723404,0.0904255319148936
"seq6564",0.0929519918283963,0.0653728294177732,0.017364657814096,0.0398365679264556,0.017364657814096,0.0612870275791624,0.0623084780388151,0.0806945863125638,0.0296220633299285,0.0306435137895812,0.117466802860061,0.0306435137895812,0.017364657814096,0.0214504596527068,0.0929519918283963,0.0858018386108274,0.0439223697650664,0.00817160367722165,0.0214504596527068,0.0633299284984678
"seq6565",0.0651595744680851,0.0465425531914894,0.023936170212766,0.0638297872340425,0.0265957446808511,0.0771276595744681,0.0518617021276596,0.0704787234042553,0.0412234042553191,0.0279255319148936,0.0664893617021277,0.0585106382978723,0.0186170212765957,0.0372340425531915,0.0957446808510638,0.0917553191489362,0.0412234042553191,0.0212765957446809,0.0252659574468085,0.0492021276595745
"seq6566",0.0628571428571429,0.0628571428571429,0.0304761904761905,0.0533333333333333,0.0114285714285714,0.0876190476190476,0.0323809523809524,0.0819047619047619,0.0266666666666667,0.0476190476190476,0.0876190476190476,0.0666666666666667,0.0361904761904762,0.0533333333333333,0.0685714285714286,0.0590476190476191,0.0476190476190476,0.00761904761904762,0.0266666666666667,0.0495238095238095
"seq6567",0.0647985989492119,0.0753064798598949,0.0455341506129597,0.0612959719789842,0.0227670753064799,0.0612959719789842,0.0437828371278459,0.0858143607705779,0.0245183887915937,0.0367775831873905,0.0858143607705779,0.0595446584938704,0.0280210157618214,0.0367775831873905,0.0455341506129597,0.0577933450087566,0.0332749562171629,0.0245183887915937,0.031523642732049,0.0753064798598949
"seq6568",0.0727762803234501,0.0727762803234501,0.032345013477089,0.0619946091644205,0.00269541778975741,0.045822102425876,0.00808625336927224,0.126684636118598,0.0242587601078167,0.0646900269541779,0.102425876010782,0.045822102425876,0.0161725067385445,0.0404312668463612,0.0566037735849057,0.0727762803234501,0.0404312668463612,0.0215633423180593,0.0215633423180593,0.0700808625336927
"seq6569",0.0514905149051491,0.0718157181571816,0.037940379403794,0.0663956639566396,0.0284552845528455,0.0596205962059621,0.0420054200542005,0.0569105691056911,0.0230352303523035,0.0569105691056911,0.109756097560976,0.0731707317073171,0.016260162601626,0.0311653116531165,0.0528455284552846,0.0718157181571816,0.0420054200542005,0.0121951219512195,0.0257452574525745,0.0704607046070461
"seq6570",0.117788461538462,0.105769230769231,0.0144230769230769,0.0793269230769231,0.00480769230769231,0.0673076923076923,0.0192307692307692,0.0697115384615385,0.0264423076923077,0.03125,0.122596153846154,0.00961538461538462,0.0288461538461538,0.0264423076923077,0.0769230769230769,0.0384615384615385,0.0576923076923077,0.0144230769230769,0.0192307692307692,0.0697115384615385
"seq6571",0.112244897959184,0.0612244897959184,0.026530612244898,0.0775510204081633,0.00408163265306122,0.0428571428571429,0.036734693877551,0.106122448979592,0.0142857142857143,0.036734693877551,0.0775510204081633,0.0142857142857143,0.0204081632653061,0.0244897959183673,0.073469387755102,0.0551020408163265,0.0755102040816327,0.0244897959183673,0.0428571428571429,0.073469387755102
"seq6572",0.109649122807018,0.0570175438596491,0.0307017543859649,0.0394736842105263,0,0.0964912280701754,0.0131578947368421,0.0745614035087719,0.043859649122807,0.0350877192982456,0.118421052631579,0.0526315789473684,0.0263157894736842,0.0307017543859649,0.0657894736842105,0.0307017543859649,0.0394736842105263,0.0219298245614035,0.043859649122807,0.0701754385964912
"seq6573",0.0735294117647059,0.0637254901960784,0.0392156862745098,0.0833333333333333,0.00980392156862745,0.0735294117647059,0.0245098039215686,0.0637254901960784,0.0245098039215686,0.0784313725490196,0.0686274509803922,0.0343137254901961,0.0294117647058824,0.0490196078431373,0.0588235294117647,0.0637254901960784,0.0343137254901961,0.0245098039215686,0.0343137254901961,0.0686274509803922
"seq6574",0.0753275109170306,0.0458515283842795,0.0393013100436681,0.0753275109170306,0.0294759825327511,0.0655021834061135,0.0556768558951965,0.046943231441048,0.0338427947598253,0.0513100436681223,0.124454148471616,0.0502183406113537,0.0283842794759825,0.0382096069868996,0.037117903930131,0.0622270742358079,0.0414847161572052,0.00436681222707424,0.0305676855895196,0.064410480349345
"seq6575",0.0916334661354582,0.0637450199203187,0.0358565737051793,0.0278884462151394,0.00398406374501992,0.0358565737051793,0.0119521912350598,0.0717131474103586,0.0398406374501992,0.047808764940239,0.047808764940239,0.00796812749003984,0.0199203187250996,0.0239043824701195,0.0756972111553785,0.099601593625498,0.0876494023904383,0.0239043824701195,0.0278884462151394,0.155378486055777
"seq6576",0.0698602794411178,0.0439121756487026,0.0758483033932136,0.093812375249501,0,0.0459081836327345,0.0419161676646707,0.093812375249501,0.0279441117764471,0.0359281437125748,0.06187624750499,0.0279441117764471,0.0259481037924152,0.0479041916167665,0.0279441117764471,0.0558882235528942,0.0479041916167665,0.0479041916167665,0.0598802395209581,0.0678642714570858
"seq6577",0.054421768707483,0.0385487528344671,0.072562358276644,0.072562358276644,0.00226757369614512,0.0498866213151927,0.0340136054421769,0.0770975056689342,0.0340136054421769,0.0680272108843537,0.0634920634920635,0.054421768707483,0.0158730158730159,0.0453514739229025,0.0476190476190476,0.0612244897959184,0.054421768707483,0.0226757369614512,0.0589569160997732,0.072562358276644
"seq6578",0.121875,0.078125,0.0125,0.0625,0.015625,0.08125,0.0375,0.06875,0.009375,0.0375,0.134375,0.03125,0.01875,0.021875,0.059375,0.046875,0.053125,0.028125,0.01875,0.0625
"seq6579",0.1125,0.075,0.021875,0.06875,0.015625,0.075,0.04375,0.0625,0.00625,0.0375,0.128125,0.03125,0.01875,0.021875,0.059375,0.046875,0.046875,0.028125,0.01875,0.08125
"seq6580",0.0706806282722513,0.0942408376963351,0.0157068062827225,0.0340314136125654,0.00785340314136126,0.0549738219895288,0.0287958115183246,0.0680628272251309,0.0392670157068063,0.0235602094240838,0.178010471204188,0.0209424083769634,0.0130890052356021,0.0418848167539267,0.102094240837696,0.0549738219895288,0.0523560209424084,0.0183246073298429,0.0183246073298429,0.06282722513089
"seq6581",0.114173228346457,0.0708661417322835,0.0118110236220472,0.0118110236220472,0.0078740157480315,0.0590551181102362,0.0433070866141732,0.0590551181102362,0.0236220472440945,0.062992125984252,0.125984251968504,0.0393700787401575,0.0196850393700787,0.0433070866141732,0.0511811023622047,0.0393700787401575,0.0590551181102362,0.0669291338582677,0.0078740157480315,0.0826771653543307
"seq6582",0.125984251968504,0.0131233595800525,0.047244094488189,0.0341207349081365,0,0.031496062992126,0.036745406824147,0.0971128608923885,0.020997375328084,0.0551181102362205,0.057742782152231,0.0656167979002625,0.0236220472440945,0.020997375328084,0.036745406824147,0.131233595800525,0.062992125984252,0.010498687664042,0.041994750656168,0.0866141732283465
"seq6583",0.0938967136150235,0.0845070422535211,0.0140845070422535,0.07981220657277,0,0.0751173708920188,0.0422535211267606,0.0751173708920188,0.0187793427230047,0.0563380281690141,0.107981220657277,0.0422535211267606,0.0234741784037559,0.028169014084507,0.0234741784037559,0.028169014084507,0.0845070422535211,0.00938967136150235,0.0234741784037559,0.0892018779342723
"seq6584",0.154135338345865,0.0601503759398496,0.0338345864661654,0.0601503759398496,0.0263157894736842,0.0112781954887218,0.0338345864661654,0.116541353383459,0.0263157894736842,0.0413533834586466,0.0451127819548872,0.0300751879699248,0.0150375939849624,0.0488721804511278,0.0526315789473684,0.056390977443609,0.0601503759398496,0.0225563909774436,0.0451127819548872,0.0601503759398496
"seq6585",0.0712435233160622,0.0531088082901554,0.0738341968911917,0.060880829015544,0.00647668393782383,0.0518134715025907,0.0401554404145078,0.0492227979274611,0.0038860103626943,0.0647668393782383,0.0712435233160622,0.0349740932642487,0.0194300518134715,0.0440414507772021,0.0349740932642487,0.094559585492228,0.0738341968911917,0.0116580310880829,0.0531088082901554,0.0867875647668394
"seq6586",0.0621301775147929,0.0562130177514793,0.029585798816568,0.0591715976331361,0.0207100591715976,0.124260355029586,0.0414201183431953,0.0325443786982249,0.0857988165680473,0.029585798816568,0.0828402366863905,0.0857988165680473,0.0266272189349112,0.0562130177514793,0.0266272189349112,0.029585798816568,0.0502958579881657,0.0177514792899408,0.0384615384615385,0.0443786982248521
"seq6587",0.103658536585366,0.0315040650406504,0.0528455284552846,0.0741869918699187,0.00609756097560976,0.040650406504065,0.0497967479674797,0.0863821138211382,0.0182926829268293,0.0345528455284553,0.0579268292682927,0.0203252032520325,0.0132113821138211,0.0355691056910569,0.0691056910569106,0.0853658536585366,0.0711382113821138,0.0365853658536585,0.0457317073170732,0.0670731707317073
"seq6588",0.0859872611464968,0.0445859872611465,0.0700636942675159,0.0828025477707006,0.0254777070063694,0.0318471337579618,0.00955414012738853,0.143312101910828,0.0191082802547771,0.0509554140127389,0.0509554140127389,0.0191082802547771,0.0127388535031847,0.0605095541401274,0.0509554140127389,0.054140127388535,0.0605095541401274,0.0286624203821656,0.0414012738853503,0.0573248407643312
"seq6589",0.102189781021898,0.0510948905109489,0.0656934306569343,0.0875912408759124,0.0510948905109489,0.0291970802919708,0.0291970802919708,0.0510948905109489,0,0.0218978102189781,0.109489051094891,0.0510948905109489,0.0437956204379562,0.0291970802919708,0.0364963503649635,0.0583941605839416,0.072992700729927,0,0.0364963503649635,0.072992700729927
"seq6590",0.133474576271186,0.0974576271186441,0.00211864406779661,0.038135593220339,0.00847457627118644,0.0805084745762712,0.0444915254237288,0.103813559322034,0.0423728813559322,0.0127118644067797,0.125,0.00211864406779661,0.00847457627118644,0.0127118644067797,0.0635593220338983,0.0338983050847458,0.0656779661016949,0.0190677966101695,0.0169491525423729,0.0889830508474576
"seq6591",0.122222222222222,0.0444444444444444,0.0444444444444444,0.1,0.00555555555555556,0.05,0.0277777777777778,0.0444444444444444,0.0388888888888889,0.0555555555555556,0.0888888888888889,0.0666666666666667,0.0277777777777778,0.0277777777777778,0.0388888888888889,0.05,0.0722222222222222,0.0111111111111111,0.0222222222222222,0.0611111111111111
"seq6592",0.0451559934318555,0.0459770114942529,0.0812807881773399,0.0632183908045977,0.107553366174056,0.0525451559934319,0.0385878489326765,0.0894909688013136,0.0262725779967159,0.0443349753694581,0.048440065681445,0.048440065681445,0.0114942528735632,0.0238095238095238,0.0599343185550082,0.0722495894909688,0.0541871921182266,0.0164203612479475,0.0311986863711002,0.0394088669950739
"seq6593",0.119741100323625,0.0647249190938511,0.0469255663430421,0.058252427184466,0.00323624595469256,0.0339805825242718,0.0388349514563107,0.0857605177993527,0.0242718446601942,0.0323624595469256,0.108414239482201,0.0339805825242718,0.0161812297734628,0.0533980582524272,0.0614886731391586,0.0566343042071197,0.0566343042071197,0.0129449838187702,0.0355987055016181,0.0566343042071197
"seq6594",0.116465863453815,0.0883534136546185,0.0200803212851406,0.0602409638554217,0.0281124497991968,0.0843373493975904,0.0281124497991968,0.0803212851405622,0.0120481927710843,0.0481927710843374,0.0763052208835341,0.0281124497991968,0.0281124497991968,0.0281124497991968,0.0441767068273092,0.0522088353413655,0.0441767068273092,0.036144578313253,0.036144578313253,0.0602409638554217
"seq6595",0.109649122807018,0.0921052631578947,0.0307017543859649,0.0789473684210526,0.0131578947368421,0.0701754385964912,0.0131578947368421,0.0921052631578947,0.0087719298245614,0.0964912280701754,0.0745614035087719,0.0307017543859649,0.043859649122807,0.0394736842105263,0.0394736842105263,0.043859649122807,0.0307017543859649,0,0.0175438596491228,0.0745614035087719
"seq6596",0.122950819672131,0.0737704918032787,0.0122950819672131,0.0368852459016393,0.0163934426229508,0.0450819672131148,0.0491803278688525,0.0778688524590164,0.0327868852459016,0.0245901639344262,0.114754098360656,0.0286885245901639,0.0122950819672131,0.040983606557377,0.0901639344262295,0.0614754098360656,0.0327868852459016,0.0122950819672131,0.0163934426229508,0.0983606557377049
"seq6597",0.100719424460432,0.0949640287769784,0.0330935251798561,0.060431654676259,0.0115107913669065,0.0517985611510791,0.037410071942446,0.0661870503597122,0.0158273381294964,0.0431654676258993,0.0935251798561151,0.0201438848920863,0.0143884892086331,0.0316546762589928,0.0733812949640288,0.0633093525179856,0.0661870503597122,0.023021582733813,0.0302158273381295,0.0690647482014388
"seq6598",0.0824742268041237,0.0584192439862543,0.0652920962199313,0.0652920962199313,0.0206185567010309,0.0412371134020619,0.0206185567010309,0.0962199312714777,0.0206185567010309,0.0584192439862543,0.0790378006872852,0.0240549828178694,0.00343642611683849,0.0584192439862543,0.0446735395189003,0.0721649484536082,0.0687285223367698,0.0171821305841924,0.0343642611683849,0.0687285223367698
"seq6599",0.096989966555184,0.0267558528428094,0.040133779264214,0.0468227424749164,0.0668896321070234,0.00668896321070234,0.0668896321070234,0.140468227424749,0,0.020066889632107,0.040133779264214,0.0234113712374582,0.0100334448160535,0.0501672240802676,0.0668896321070234,0.120401337792642,0.0802675585284281,0.0234113712374582,0.0267558528428094,0.0468227424749164
"seq6600",0.094147582697201,0.0763358778625954,0.0152671755725191,0.0356234096692112,0.0152671755725191,0.0483460559796438,0.0330788804071247,0.0865139949109415,0.0152671755725191,0.0407124681933842,0.124681933842239,0.0203562340966921,0.0101781170483461,0.0458015267175573,0.104325699745547,0.0661577608142494,0.0585241730279898,0.0178117048346056,0.0229007633587786,0.0687022900763359
"seq6601",0.151245551601424,0.0462633451957295,0.0302491103202847,0.0693950177935943,0.00711743772241993,0.0427046263345196,0.0177935943060498,0.131672597864769,0.0142348754448399,0.0338078291814947,0.0693950177935943,0.0106761565836299,0.0142348754448399,0.0249110320284698,0.0427046263345196,0.0587188612099644,0.104982206405694,0.0249110320284698,0.0284697508896797,0.0765124555160142
"seq6602",0.140819964349376,0.0552584670231729,0.0303030303030303,0.0641711229946524,0.0071301247771836,0.035650623885918,0.0196078431372549,0.131907308377897,0.0196078431372549,0.0285204991087344,0.071301247771836,0.0071301247771836,0.0142602495543672,0.0249554367201426,0.0677361853832442,0.035650623885918,0.114081996434938,0.0267379679144385,0.0231729055258467,0.0819964349376114
"seq6603",0.100294985250737,0.0324483775811209,0.0294985250737463,0.0501474926253687,0.0117994100294985,0.0619469026548673,0.0294985250737463,0.0589970501474926,0.00589970501474926,0.0383480825958702,0.100294985250737,0.0884955752212389,0.0412979351032448,0.0412979351032448,0.0471976401179941,0.0825958702064897,0.056047197640118,0.0176991150442478,0.0294985250737463,0.0766961651917404
"seq6604",0.0637450199203187,0.0358565737051793,0.0597609561752988,0.051792828685259,0.00398406374501992,0.0597609561752988,0.0199203187250996,0.0796812749003984,0.0398406374501992,0.0637450199203187,0.107569721115538,0.0637450199203187,0.00398406374501992,0.0318725099601594,0.0278884462151394,0.099601593625498,0.0717131474103586,0.0239043824701195,0.0278884462151394,0.0637450199203187
"seq6605",0.148648648648649,0.027027027027027,0.0324324324324324,0.0540540540540541,0.0135135135135135,0.0459459459459459,0.0540540540540541,0.0837837837837838,0.0027027027027027,0.0513513513513514,0.0702702702702703,0.0621621621621622,0.0162162162162162,0.027027027027027,0.0648648648648649,0.0513513513513514,0.0648648648648649,0.0216216216216216,0.0216216216216216,0.0864864864864865
"seq6606",0.1256038647343,0.0869565217391304,0.0265700483091787,0.0507246376811594,0.00241545893719807,0.0652173913043478,0.0314009661835749,0.0748792270531401,0.0289855072463768,0.036231884057971,0.0845410628019324,0.0217391304347826,0.00966183574879227,0.0458937198067633,0.0434782608695652,0.0748792270531401,0.0628019323671498,0.0217391304347826,0.0314009661835749,0.0748792270531401
