"","A","R","N","D","C","E","Q","G","H","I","L","K","M","F","P","S","T","W","Y","V"
"seq5501",0.11144578313253,0.0180722891566265,0.0542168674698795,0.072289156626506,0.00602409638554217,0.036144578313253,0.0481927710843374,0.0813253012048193,0.0150602409638554,0.0210843373493976,0.0602409638554217,0.0843373493975904,0.0240963855421687,0.0240963855421687,0.00903614457831325,0.120481927710843,0.0301204819277108,0.0451807228915663,0.102409638554217,0.036144578313253
"seq5502",0.104347826086957,0.0347826086956522,0.0608695652173913,0.0347826086956522,0.0173913043478261,0.0347826086956522,0.0782608695652174,0.0869565217391304,0.0173913043478261,0.0521739130434783,0.104347826086957,0.0695652173913043,0.0347826086956522,0.0260869565217391,0.0173913043478261,0.0608695652173913,0.0347826086956522,0.00869565217391304,0.0260869565217391,0.0956521739130435
"seq5503",0.0889570552147239,0.0506134969325153,0.0398773006134969,0.0582822085889571,0.00920245398773006,0.0950920245398773,0.0414110429447853,0.0613496932515337,0.0122699386503067,0.0506134969325153,0.113496932515337,0.0644171779141104,0.00766871165644172,0.0260736196319018,0.0352760736196319,0.0659509202453988,0.0521472392638037,0.00613496932515337,0.0368098159509202,0.0843558282208589
"seq5504",0.0300751879699248,0.0150375939849624,0.093984962406015,0.075187969924812,0.0112781954887218,0.0526315789473684,0.018796992481203,0.0526315789473684,0.0225563909774436,0.0526315789473684,0.075187969924812,0.112781954887218,0.0338345864661654,0.0488721804511278,0.0263157894736842,0.0676691729323308,0.0639097744360902,0.0037593984962406,0.0676691729323308,0.075187969924812
"seq5505",0.0789473684210526,0.0239234449760766,0.0741626794258373,0.0454545454545455,0.0287081339712919,0.0143540669856459,0.0598086124401914,0.107655502392345,0.0119617224880383,0.0526315789473684,0.0645933014354067,0.0167464114832536,0.0119617224880383,0.0311004784688995,0.0478468899521531,0.105263157894737,0.105263157894737,0.0263157894736842,0.0358851674641148,0.0574162679425837
"seq5506",0.0545454545454545,0.0318181818181818,0.0636363636363636,0.0590909090909091,0,0.0909090909090909,0.0454545454545455,0.0409090909090909,0.0181818181818182,0.0772727272727273,0.0863636363636364,0.0772727272727273,0.0318181818181818,0.0363636363636364,0.0227272727272727,0.0636363636363636,0.0636363636363636,0.00909090909090909,0.0545454545454545,0.0727272727272727
"seq5507",0.104,0.072,0.064,0.048,0.008,0.056,0.04,0.048,0.008,0.048,0.144,0.056,0.016,0.04,0.032,0.064,0.064,0.008,0.024,0.056
"seq5508",0.0570570570570571,0.0345345345345345,0.0675675675675676,0.0555555555555556,0.00900900900900901,0.0705705705705706,0.0405405405405405,0.0615615615615616,0.024024024024024,0.039039039039039,0.0705705705705706,0.102102102102102,0.027027027027027,0.0645645645645646,0.042042042042042,0.048048048048048,0.048048048048048,0.024024024024024,0.0525525525525526,0.0615615615615616
"seq5509",0.096551724137931,0.0655172413793104,0.0241379310344828,0.0862068965517241,0.0241379310344828,0.0724137931034483,0.0137931034482759,0.0758620689655172,0.0172413793103448,0.0448275862068966,0.0827586206896552,0.0620689655172414,0.0413793103448276,0.0517241379310345,0.0413793103448276,0.0482758620689655,0.0344827586206897,0.0206896551724138,0.0275862068965517,0.0689655172413793
"seq5510",0.0787878787878788,0.0151515151515152,0.0545454545454545,0.0848484848484849,0.00303030303030303,0.0575757575757576,0.0333333333333333,0.0515151515151515,0.00909090909090909,0.0515151515151515,0.0909090909090909,0.154545454545455,0.0151515151515152,0.0242424242424242,0.0303030303030303,0.0666666666666667,0.0575757575757576,0.0151515151515152,0.0272727272727273,0.0787878787878788
"seq5511",0.0564516129032258,0.032258064516129,0.0564516129032258,0.032258064516129,0.0241935483870968,0.0645161290322581,0.0403225806451613,0.032258064516129,0.0161290322580645,0.0967741935483871,0.0725806451612903,0.0967741935483871,0.0403225806451613,0.0241935483870968,0.0241935483870968,0.0806451612903226,0.104838709677419,0.00806451612903226,0.0483870967741935,0.0483870967741935
"seq5512",0.0645161290322581,0.0241935483870968,0.0564516129032258,0.032258064516129,0.0241935483870968,0.0645161290322581,0.0403225806451613,0.032258064516129,0.0241935483870968,0.0967741935483871,0.0725806451612903,0.0887096774193548,0.0403225806451613,0.032258064516129,0.0241935483870968,0.0887096774193548,0.0967741935483871,0.00806451612903226,0.0403225806451613,0.0483870967741935
"seq5513",0.109756097560976,0,0.0609756097560976,0.0426829268292683,0.0121951219512195,0.0182926829268293,0.0792682926829268,0.0853658536585366,0.00609756097560976,0.0365853658536585,0.0548780487804878,0.024390243902439,0.024390243902439,0.0548780487804878,0.0426829268292683,0.121951219512195,0.0853658536585366,0.024390243902439,0.0426829268292683,0.0731707317073171
"seq5514",0.119047619047619,0.0285714285714286,0.0380952380952381,0.0666666666666667,0.019047619047619,0.0380952380952381,0.0523809523809524,0.147619047619048,0.0238095238095238,0.0285714285714286,0.104761904761905,0.0666666666666667,0.0333333333333333,0.0238095238095238,0.0476190476190476,0.0476190476190476,0.0428571428571429,0,0.0238095238095238,0.0476190476190476
"seq5515",0.0586510263929619,0.0469208211143695,0.0674486803519062,0.0703812316715543,0.00586510263929619,0.0586510263929619,0.0410557184750733,0.0645161290322581,0.0234604105571848,0.0586510263929619,0.0879765395894428,0.0557184750733138,0.0205278592375367,0.0410557184750733,0.0527859237536657,0.0410557184750733,0.0469208211143695,0.0175953079178886,0.0381231671554252,0.102639296187683
"seq5516",0.0869565217391304,0.0343781597573306,0.0717896865520728,0.0566228513650152,0,0.0232558139534884,0.0313447927199191,0.156723963599596,0.0111223458038423,0.0303336703741153,0.0616784630940344,0.0343781597573306,0.0212335692618807,0.0283114256825076,0.0273003033367037,0.102123356926188,0.111223458038423,0.0101112234580384,0.0313447927199191,0.0697674418604651
"seq5517",0.0888382687927107,0.0432801822323462,0.0523917995444191,0.0774487471526196,0.00455580865603645,0.0751708428246014,0.0227790432801822,0.0660592255125285,0.0250569476082005,0.0501138952164009,0.0728929384965831,0.082004555808656,0.0273348519362187,0.082004555808656,0.0296127562642369,0.0387243735763098,0.0523917995444191,0.0113895216400911,0.0501138952164009,0.0478359908883827
"seq5518",0.0586080586080586,0.0256410256410256,0.0695970695970696,0.0293040293040293,0.00732600732600733,0.0732600732600733,0.0659340659340659,0.0659340659340659,0.0146520146520147,0.0659340659340659,0.0989010989010989,0.0805860805860806,0.0402930402930403,0.043956043956044,0.032967032967033,0.0512820512820513,0.0512820512820513,0.021978021978022,0.0256410256410256,0.0769230769230769
"seq5519",0.0586080586080586,0.0256410256410256,0.0695970695970696,0.0293040293040293,0.00732600732600733,0.0732600732600733,0.0659340659340659,0.0659340659340659,0.0146520146520147,0.0659340659340659,0.0989010989010989,0.0805860805860806,0.0402930402930403,0.043956043956044,0.0293040293040293,0.0549450549450549,0.0512820512820513,0.021978021978022,0.0256410256410256,0.0769230769230769
"seq5520",0.0774550484094053,0.024896265560166,0.0511756569847856,0.0705394190871369,0.00691562932226833,0.0636237897648686,0.0345781466113416,0.0926694329183956,0.0110650069156293,0.0525587828492393,0.0705394190871369,0.0733056708160443,0.0221300138312586,0.029045643153527,0.0318118948824343,0.0746887966804979,0.0760719225449516,0.012448132780083,0.0594744121715076,0.0650069156293223
"seq5521",0.050761421319797,0.0380710659898477,0.0355329949238579,0.0786802030456853,0.00253807106598985,0.0888324873096447,0.0279187817258883,0.0964467005076142,0.0228426395939086,0.0583756345177665,0.0989847715736041,0.0685279187817259,0.0431472081218274,0.0406091370558376,0.050761421319797,0.0406091370558376,0.0609137055837563,0.00253807106598985,0.0380710659898477,0.0558375634517767
"seq5522",0.146095717884131,0.0302267002518892,0.0680100755667506,0.0327455919395466,0.0100755667506297,0.0201511335012594,0.0251889168765743,0.100755667506297,0.00755667506297229,0.0302267002518892,0.0680100755667506,0.035264483627204,0.00251889168765743,0.0453400503778338,0.052896725440806,0.0931989924433249,0.0957178841309824,0.00755667506297229,0.035264483627204,0.0931989924433249
"seq5523",0.138263665594855,0.0192926045016077,0.0546623794212219,0.0610932475884244,0.00321543408360129,0.0514469453376206,0.0321543408360129,0.0868167202572347,0,0.0546623794212219,0.0803858520900322,0.0932475884244373,0.0321543408360129,0.0353697749196141,0.0321543408360129,0.0546623794212219,0.0482315112540193,0.00964630225080386,0.0192926045016077,0.0932475884244373
"seq5524",0.0576131687242798,0.0246913580246914,0.0617283950617284,0.0864197530864197,0.00411522633744856,0.0452674897119342,0.0164609053497942,0.0864197530864197,0.0205761316872428,0.0740740740740741,0.0699588477366255,0.0576131687242798,0.0164609053497942,0.0576131687242798,0.0493827160493827,0.0493827160493827,0.0452674897119342,0.037037037037037,0.0864197530864197,0.0534979423868313
"seq5525",0.0971786833855799,0.0438871473354232,0.0564263322884013,0.0626959247648903,0.00313479623824451,0.0376175548589342,0.0344827586206897,0.103448275862069,0.0188087774294671,0.0595611285266458,0.0815047021943574,0.0438871473354232,0.0156739811912226,0.0470219435736677,0.0282131661442006,0.0689655172413793,0.0721003134796238,0.00940438871473354,0.0595611285266458,0.0564263322884013
"seq5526",0.0430622009569378,0.062200956937799,0.0574162679425837,0.0478468899521531,0.00956937799043062,0.062200956937799,0.00956937799043062,0.0382775119617225,0.0334928229665072,0.0717703349282297,0.0669856459330144,0.0574162679425837,0.00956937799043062,0.0382775119617225,0.0478468899521531,0.114832535885167,0.0956937799043062,0.00478468899521531,0.0239234449760766,0.105263157894737
"seq5527",0.087248322147651,0.0486577181208054,0.0302013422818792,0.0503355704697987,0.0218120805369128,0.0503355704697987,0.0335570469798658,0.102348993288591,0.023489932885906,0.0503355704697987,0.0822147651006711,0.0570469798657718,0.0151006711409396,0.0302013422818792,0.0503355704697987,0.0587248322147651,0.0704697986577181,0.0100671140939597,0.0369127516778524,0.0906040268456376
"seq5528",0.0944625407166124,0.117263843648208,0.00977198697068404,0.0390879478827362,0,0.107491856677524,0.0228013029315961,0.0651465798045603,0.0162866449511401,0.0293159609120521,0.169381107491857,0.0423452768729642,0.0130293159609121,0.0293159609120521,0.0488599348534202,0.0293159609120521,0.0293159609120521,0.00977198697068404,0.0553745928338762,0.0716612377850163
"seq5529",0.117647058823529,0.0962566844919786,0.0427807486631016,0.0748663101604278,0.0320855614973262,0.0481283422459893,0.0320855614973262,0.0695187165775401,0.0588235294117647,0.0320855614973262,0.112299465240642,0.0160427807486631,0.0106951871657754,0.0213903743315508,0.0427807486631016,0.0374331550802139,0.0695187165775401,0.0106951871657754,0.0160427807486631,0.0588235294117647
"seq5530",0.0880503144654088,0.050314465408805,0.0188679245283019,0.050314465408805,0,0.0754716981132075,0.0251572327044025,0.0880503144654088,0.0377358490566038,0.00628930817610063,0.125786163522013,0.0566037735849057,0.0188679245283019,0.0440251572327044,0.0628930817610063,0.0314465408805031,0.0628930817610063,0.0251572327044025,0.0314465408805031,0.10062893081761
"seq5531",0.069364161849711,0.0115606936416185,0.046242774566474,0.0982658959537572,0.00578034682080925,0.0751445086705202,0.0173410404624277,0.0578034682080925,0.0289017341040462,0.0578034682080925,0.0982658959537572,0.109826589595376,0.023121387283237,0.0289017341040462,0.0346820809248555,0.069364161849711,0.023121387283237,0.00578034682080925,0.0404624277456647,0.0982658959537572
"seq5532",0.0806451612903226,0.0403225806451613,0.0370967741935484,0.0564516129032258,0.0225806451612903,0.0903225806451613,0.0338709677419355,0.0354838709677419,0.0370967741935484,0.0354838709677419,0.119354838709677,0.0709677419354839,0.0306451612903226,0.0403225806451613,0.0338709677419355,0.0693548387096774,0.0467741935483871,0.0145161290322581,0.0564516129032258,0.0483870967741935
"seq5533",0.0533049040511727,0.0575692963752665,0.0383795309168444,0.046908315565032,0.0319829424307036,0.0895522388059701,0.0597014925373134,0.0490405117270789,0.0255863539445629,0.0426439232409382,0.108742004264392,0.0639658848614073,0.0362473347547974,0.0362473347547974,0.0426439232409382,0.0660980810234542,0.0554371002132196,0.00639658848614072,0.0405117270788913,0.0490405117270789
"seq5534",0.0311111111111111,0.0355555555555556,0.0577777777777778,0.0577777777777778,0.0133333333333333,0.0711111111111111,0.0266666666666667,0.0844444444444444,0.0355555555555556,0.0444444444444444,0.0844444444444444,0.08,0.0311111111111111,0.0488888888888889,0.0577777777777778,0.0444444444444444,0.0577777777777778,0.0133333333333333,0.0577777777777778,0.0666666666666667
"seq5535",0.101522842639594,0.050761421319797,0.0406091370558376,0.0609137055837563,0.0050761421319797,0.0812182741116751,0.0355329949238579,0.0710659898477157,0.0101522842639594,0.106598984771574,0.106598984771574,0.065989847715736,0.0355329949238579,0.0203045685279188,0.0355329949238579,0.0558375634517767,0.050761421319797,0,0.0304568527918782,0.0355329949238579
"seq5536",0.0923076923076923,0.0461538461538462,0.0461538461538462,0.0615384615384615,0.00512820512820513,0.0717948717948718,0.0564102564102564,0.0717948717948718,0.0153846153846154,0.112820512820513,0.0871794871794872,0.0564102564102564,0.0307692307692308,0.0256410256410256,0.0307692307692308,0.0564102564102564,0.0615384615384615,0,0.0307692307692308,0.041025641025641
"seq5537",0.0766871165644172,0.0316973415132924,0.0526584867075665,0.0388548057259714,0.0102249488752556,0.074642126789366,0.0823108384458078,0.0715746421267894,0.0194274028629857,0.0531697341513292,0.119631901840491,0.0470347648261759,0.0143149284253579,0.0337423312883436,0.0383435582822086,0.0853783231083845,0.0470347648261759,0.0138036809815951,0.0276073619631902,0.0618609406952965
"seq5538",0.0660377358490566,0.0471698113207547,0.0471698113207547,0.080188679245283,0,0.0943396226415094,0.0377358490566038,0.080188679245283,0.0330188679245283,0.089622641509434,0.089622641509434,0.0660377358490566,0.0235849056603774,0.0283018867924528,0.0377358490566038,0.0283018867924528,0.0518867924528302,0,0.0283018867924528,0.0707547169811321
"seq5539",0.0426621160409556,0.0409556313993174,0.0614334470989761,0.0460750853242321,0.015358361774744,0.0597269624573379,0.0290102389078498,0.0819112627986348,0.0255972696245734,0.0426621160409556,0.102389078498294,0.0443686006825939,0.0273037542662116,0.0631399317406143,0.0546075085324232,0.0887372013651877,0.0409556313993174,0.0238907849829352,0.0324232081911263,0.0767918088737201
"seq5540",0.0181818181818182,0.00909090909090909,0.0363636363636364,0.0681818181818182,0.0181818181818182,0.113636363636364,0.0318181818181818,0.0227272727272727,0.00909090909090909,0.0954545454545455,0.154545454545455,0.0818181818181818,0.0227272727272727,0.0636363636363636,0.0227272727272727,0.0590909090909091,0.0636363636363636,0,0.0409090909090909,0.0681818181818182
"seq5541",0.0557768924302789,0.0398406374501992,0.0438247011952191,0.0557768924302789,0.0239043824701195,0.0637450199203187,0.0358565737051793,0.0637450199203187,0.047808764940239,0.0677290836653386,0.107569721115538,0.0637450199203187,0.0239043824701195,0.0557768924302789,0.051792828685259,0.0358565737051793,0.0677290836653386,0.0119521912350598,0.0318725099601594,0.051792828685259
"seq5542",0.112956810631229,0.0730897009966777,0.0199335548172757,0.0598006644518272,0.0132890365448505,0.053156146179402,0.0598006644518272,0.0598006644518272,0.0232558139534884,0.0730897009966777,0.0897009966777409,0.0299003322259136,0.0232558139534884,0.0498338870431894,0.0598006644518272,0.053156146179402,0.0398671096345515,0.0199335548172757,0.0365448504983389,0.0498338870431894
"seq5543",0.0782608695652174,0.0869565217391304,0.0130434782608696,0.0304347826086957,0.0173913043478261,0.11304347826087,0.0260869565217391,0.0956521739130435,0.0260869565217391,0.00434782608695652,0.165217391304348,0.0304347826086957,0.00869565217391304,0.0304347826086957,0.0869565217391304,0.0434782608695652,0.0434782608695652,0.0173913043478261,0.0217391304347826,0.0608695652173913
"seq5544",0.0916030534351145,0.0687022900763359,0.0305343511450382,0.0610687022900763,0.0229007633587786,0.0687022900763359,0.0763358778625954,0.099236641221374,0.0229007633587786,0.0534351145038168,0.0534351145038168,0.00763358778625954,0.0534351145038168,0.0305343511450382,0.0610687022900763,0.0229007633587786,0.0305343511450382,0.0152671755725191,0.0305343511450382,0.099236641221374
"seq5545",0.091254752851711,0.0380228136882129,0.0380228136882129,0.0380228136882129,0.0228136882129278,0.0950570342205323,0.0228136882129278,0.106463878326996,0.0228136882129278,0.0494296577946768,0.064638783269962,0.0570342205323194,0.0418250950570342,0.0418250950570342,0.026615969581749,0.0494296577946768,0.0608365019011407,0.0152091254752852,0.0304182509505703,0.0874524714828897
"seq5546",0.063973063973064,0.0269360269360269,0.037037037037037,0.0505050505050505,0.00673400673400673,0.0774410774410774,0.0269360269360269,0.0437710437710438,0.037037037037037,0.0774410774410774,0.114478114478114,0.0841750841750842,0.0134680134680135,0.0572390572390572,0.0404040404040404,0.0808080808080808,0.0471380471380471,0,0.0606060606060606,0.0538720538720539
"seq5547",0.124161073825503,0.087248322147651,0.023489932885906,0.0469798657718121,0,0.0604026845637584,0.0503355704697987,0.0771812080536913,0.0167785234899329,0.0805369127516778,0.104026845637584,0.0201342281879195,0.0402684563758389,0.0503355704697987,0.0469798657718121,0.0436241610738255,0.0536912751677852,0.00671140939597315,0.00335570469798658,0.063758389261745
"seq5548",0.0825309491059147,0.0206327372764787,0.103163686382393,0.0577716643741403,0.0110041265474553,0.0343878954607978,0.0357634112792297,0.0949105914718019,0.0123796423658872,0.0371389270976616,0.078404401650619,0.0398899587345254,0.0206327372764787,0.0357634112792297,0.031636863823934,0.0990371389270977,0.0756533700137552,0.0137551581843191,0.0522696011004127,0.063273727647868
"seq5549",0.0876068376068376,0.0769230769230769,0.0491452991452991,0.0448717948717949,0.014957264957265,0.0512820512820513,0.0662393162393162,0.0726495726495727,0.0299145299145299,0.0277777777777778,0.0982905982905983,0.032051282051282,0.0277777777777778,0.0128205128205128,0.0427350427350427,0.094017094017094,0.0705128205128205,0.00213675213675214,0.0192307692307692,0.0790598290598291
"seq5550",0.0808383233532934,0.0389221556886228,0.0718562874251497,0.0389221556886228,0.0269461077844311,0.0568862275449102,0.0389221556886228,0.0988023952095808,0.0179640718562874,0.0209580838323353,0.0568862275449102,0.0838323353293413,0.0359281437125748,0.0538922155688623,0.0359281437125748,0.0688622754491018,0.0329341317365269,0.0269461077844311,0.0419161676646707,0.0718562874251497
"seq5551",0.0978441127694859,0.0530679933665008,0.0630182421227197,0.0646766169154229,0.00829187396351575,0.0232172470978441,0.0364842454394693,0.112769485903814,0.0165837479270315,0.0563847429519071,0.0563847429519071,0.0447761194029851,0.0149253731343284,0.0232172470978441,0.0480928689883914,0.0829187396351575,0.0613598673300166,0.0149253731343284,0.0248756218905473,0.0961857379767828
"seq5552",0.0978441127694859,0.0580431177446103,0.0646766169154229,0.0630182421227197,0.00829187396351575,0.0232172470978441,0.0364842454394693,0.109452736318408,0.0165837479270315,0.0514096185737977,0.054726368159204,0.0414593698175788,0.0165837479270315,0.0232172470978441,0.0497512437810945,0.0829187396351575,0.0613598673300166,0.0149253731343284,0.0265339966832504,0.0995024875621891
"seq5553",0.110671936758893,0.0158102766798419,0.0671936758893281,0.0513833992094862,0.0158102766798419,0.0632411067193676,0.0395256916996047,0.0869565217391304,0.0276679841897233,0.0671936758893281,0.0948616600790514,0.0592885375494071,0.0355731225296443,0.0237154150197628,0.0276679841897233,0.0474308300395257,0.0553359683794466,0.00790513833992095,0.0197628458498024,0.08300395256917
"seq5554",0.129787234042553,0.0808510638297872,0.0297872340425532,0.0787234042553192,0.0106382978723404,0.0638297872340425,0.0234042553191489,0.0829787234042553,0.0170212765957447,0.0617021276595745,0.074468085106383,0.0361702127659574,0.0191489361702128,0.0425531914893617,0.0446808510638298,0.0468085106382979,0.0446808510638298,0.00851063829787234,0.025531914893617,0.0787234042553192
"seq5555",0.104693140794224,0.0505415162454874,0.0288808664259928,0.0902527075812274,0.0252707581227437,0.0577617328519856,0.0252707581227437,0.111913357400722,0.0216606498194946,0.0541516245487365,0.0794223826714801,0.0108303249097473,0.0288808664259928,0.036101083032491,0.0397111913357401,0.0469314079422383,0.0613718411552347,0.0108303249097473,0.0072202166064982,0.108303249097473
"seq5556",0.0829493087557604,0.0737327188940092,0.0368663594470046,0.0783410138248848,0.0230414746543779,0.0645161290322581,0.0460829493087558,0.101382488479263,0.0184331797235023,0.0552995391705069,0.101382488479263,0.0552995391705069,0.0460829493087558,0.0276497695852535,0.0414746543778802,0.00921658986175115,0.0414746543778802,0,0.032258064516129,0.0645161290322581
"seq5557",0.0460829493087558,0.0460829493087558,0.032258064516129,0.0875576036866359,0.0184331797235023,0.0967741935483871,0.0368663594470046,0.105990783410138,0.00921658986175115,0.0599078341013825,0.101382488479263,0.0737327188940092,0.0276497695852535,0.0230414746543779,0.0460829493087558,0.0230414746543779,0.0506912442396313,0,0.0414746543778802,0.0737327188940092
"seq5558",0.146892655367232,0.0395480225988701,0.0112994350282486,0.0451977401129944,0.0112994350282486,0.0790960451977401,0.0395480225988701,0.0621468926553672,0.0338983050847458,0.0734463276836158,0.101694915254237,0.0451977401129944,0.0225988700564972,0.0225988700564972,0.0169491525423729,0.0564971751412429,0.0734463276836158,0.0112994350282486,0.0451977401129944,0.0621468926553672
"seq5559",0.177215189873418,0.0379746835443038,0.0506329113924051,0.0253164556962025,0.00632911392405063,0.0253164556962025,0.0253164556962025,0.0443037974683544,0,0.00632911392405063,0.132911392405063,0.0189873417721519,0.0632911392405063,0.0822784810126582,0.0569620253164557,0.0189873417721519,0.069620253164557,0.0759493670886076,0.0253164556962025,0.0569620253164557
"seq5560",0.0345423143350604,0.0293609671848014,0.103626943005181,0.0552677029360967,0.00863557858376511,0.0725388601036269,0.0310880829015544,0.0431778929188256,0.0276338514680484,0.0604490500863558,0.100172711571675,0.0949913644214162,0.0241796200345423,0.0604490500863558,0.0189982728842832,0.0621761658031088,0.0518134715025907,0.00690846286701209,0.0483592400690846,0.0656303972366149
"seq5561",0.0806451612903226,0.0659824046920821,0.0439882697947214,0.0777126099706745,0,0.0703812316715543,0.0395894428152493,0.063049853372434,0.00733137829912024,0.0454545454545455,0.095307917888563,0.0777126099706745,0.0205278592375367,0.0410557184750733,0.0425219941348974,0.0527859237536657,0.06158357771261,0.00733137829912024,0.032258064516129,0.0747800586510264
"seq5562",0.0578778135048231,0.00857449088960343,0.0814576634512326,0.186495176848875,0,0.0396570203644159,0.0235798499464094,0.045016077170418,0.00321543408360129,0.0310825294748124,0.0310825294748124,0.0428724544480171,0.00643086816720257,0.0139335476956056,0.0396570203644159,0.232583065380493,0.0803858520900322,0.00321543408360129,0.0182207931404073,0.0546623794212219
"seq5563",0.0571736785329018,0.00862998921251348,0.0819848975188781,0.18554476806904,0,0.0388349514563107,0.0237324703344121,0.0442286947141316,0.00323624595469256,0.0312837108953614,0.0312837108953614,0.0431499460625674,0.00647249190938511,0.0129449838187702,0.0399137001078749,0.2319309600863,0.0809061488673139,0.00323624595469256,0.0183387270765912,0.0571736785329018
"seq5564",0.0806451612903226,0.0161290322580645,0.043010752688172,0.0645161290322581,0.0161290322580645,0.043010752688172,0.032258064516129,0.134408602150538,0.0752688172043011,0.0376344086021505,0.0967741935483871,0.0591397849462366,0.021505376344086,0.010752688172043,0.0698924731182796,0.043010752688172,0.0591397849462366,0.010752688172043,0.010752688172043,0.0752688172043011
"seq5565",0.112561174551387,0.0261011419249592,0.032626427406199,0.0228384991843393,0.00489396411092985,0.0244698205546493,0.0179445350734095,0.0946166394779772,0.0244698205546493,0.0538336052202284,0.161500815660685,0.0244698205546493,0.0473083197389886,0.0619902120717781,0.0293637846655791,0.0554649265905383,0.0538336052202284,0.0261011419249592,0.0309951060358891,0.0946166394779772
"seq5566",0.103448275862069,0.0344827586206897,0.0632183908045977,0.0344827586206897,0,0.0747126436781609,0.028735632183908,0.0747126436781609,0.0229885057471264,0.0574712643678161,0.114942528735632,0.0689655172413793,0.0344827586206897,0.028735632183908,0.0402298850574713,0.0574712643678161,0.0344827586206897,0,0.028735632183908,0.0977011494252874
"seq5567",0.0543331836551414,0.0395150426582847,0.0466995958688819,0.0588235294117647,0.01930848675348,0.0529860799281545,0.0408621463852717,0.061966771441401,0.0237988325101033,0.063313875168388,0.0884598114054782,0.060619667714414,0.0332285585990121,0.0534351145038168,0.0431073192635833,0.0772339470139201,0.059272563987427,0.0161652447238437,0.0345756623259991,0.0722945666816345
"seq5568",0.115942028985507,0.0521739130434783,0.0289855072463768,0.0666666666666667,0.0115942028985507,0.0521739130434783,0.0405797101449275,0.0898550724637681,0.0231884057971014,0.0695652173913043,0.0782608695652174,0.0434782608695652,0.0231884057971014,0.0492753623188406,0.0376811594202899,0.0579710144927536,0.0666666666666667,0.0173913043478261,0.0144927536231884,0.0608695652173913
"seq5569",0.108635097493036,0.0445682451253482,0.0306406685236769,0.0752089136490251,0.00278551532033426,0.0724233983286908,0.0250696378830084,0.100278551532033,0.00835654596100279,0.064066852367688,0.105849582172702,0.011142061281337,0.0222841225626741,0.0194986072423398,0.0473537604456825,0.0752089136490251,0.0752089136490251,0.00278551532033426,0.0139275766016713,0.0947075208913649
"seq5570",0.048,0.0528,0.0384,0.0448,0.0288,0.0816,0.0416,0.0496,0.024,0.0448,0.0928,0.0704,0.0192,0.0432,0.0512,0.0816,0.0416,0.0208,0.0544,0.0704
"seq5571",0.05,0.0629032258064516,0.0451612903225806,0.0451612903225806,0.0258064516129032,0.0838709677419355,0.0338709677419355,0.0516129032258065,0.0258064516129032,0.0419354838709677,0.0919354838709677,0.067741935483871,0.0193548387096774,0.0435483870967742,0.0483870967741935,0.0725806451612903,0.0451612903225806,0.0209677419354839,0.05,0.0741935483870968
"seq5572",0.09375,0.05078125,0.0234375,0.05078125,0.01171875,0.046875,0.05859375,0.0703125,0.03515625,0.03125,0.14453125,0.0390625,0.0234375,0.04296875,0.05859375,0.0546875,0.0390625,0.03125,0.01171875,0.08203125
"seq5573",0.0877862595419847,0.049618320610687,0.0229007633587786,0.049618320610687,0.0114503816793893,0.049618320610687,0.0572519083969466,0.0687022900763359,0.0343511450381679,0.0305343511450382,0.145038167938931,0.0381679389312977,0.0229007633587786,0.0419847328244275,0.0572519083969466,0.0610687022900763,0.0381679389312977,0.0305343511450382,0.0114503816793893,0.0916030534351145
"seq5574",0.074792243767313,0.0332409972299169,0.0470914127423823,0.0415512465373961,0.0110803324099723,0.0803324099722992,0.0249307479224377,0.0581717451523546,0.0193905817174515,0.0775623268698061,0.0775623268698061,0.0886426592797784,0.0249307479224377,0.0554016620498615,0.0443213296398892,0.07202216066482,0.0664819944598338,0.00831024930747922,0.0304709141274238,0.0637119113573407
"seq5575",0.100671140939597,0.023489932885906,0.0469798657718121,0.0369127516778524,0.0100671140939597,0.0738255033557047,0.0436241610738255,0.0939597315436242,0.023489932885906,0.087248322147651,0.104026845637584,0.0771812080536913,0.0201342281879195,0.0335570469798658,0.0302013422818792,0.0469798657718121,0.063758389261745,0,0.0302013422818792,0.0536912751677852
"seq5576",0.0469483568075117,0.0375586854460094,0.0657276995305164,0.0610328638497653,0.0140845070422535,0.0657276995305164,0.0469483568075117,0.0657276995305164,0.0140845070422535,0.0892018779342723,0.07981220657277,0.0610328638497653,0.0140845070422535,0.0422535211267606,0.0422535211267606,0.07981220657277,0.0563380281690141,0.00938967136150235,0.028169014084507,0.07981220657277
"seq5577",0.0402144772117962,0.0281501340482574,0.107238605898123,0.0442359249329759,0.0201072386058981,0.0898123324396783,0.0308310991957105,0.0335120643431635,0.0187667560321716,0.0804289544235925,0.0844504021447721,0.105898123324397,0.0187667560321716,0.0415549597855228,0.0388739946380697,0.0576407506702413,0.049597855227882,0.017426273458445,0.0375335120643432,0.0549597855227882
"seq5578",0.0675317015629608,0.056620465939251,0.0404010616337364,0.0392214685933353,0.0168092008257151,0.071070480684164,0.0300796225302271,0.0808021232674727,0.0197581834267178,0.0654674137422589,0.0931878501916839,0.0648776172220584,0.0374520790327337,0.0291949277499263,0.0430551459746387,0.0560306694190504,0.0772633441462695,0.0265408434090239,0.0212326747272191,0.0634031259215571
"seq5579",0.0672368033028605,0.056620465939251,0.0406959598938366,0.0392214685933353,0.0168092008257151,0.071070480684164,0.0303745207903273,0.0808021232674727,0.0194632851666175,0.0660572102624594,0.0928929519315836,0.0645827189619581,0.0371571807726334,0.0294898260100265,0.0430551459746387,0.0560306694190504,0.0775582424063698,0.0265408434090239,0.0212326747272191,0.0631082276614568
"seq5580",0.0660572102624594,0.0575051607195518,0.0404010616337364,0.0392214685933353,0.0168092008257151,0.071070480684164,0.0300796225302271,0.0808021232674727,0.0197581834267178,0.0648776172220584,0.0925980536714833,0.0639929224417576,0.038926570333235,0.0294898260100265,0.0430551459746387,0.056620465939251,0.0769684458861693,0.0265408434090239,0.0212326747272191,0.0639929224417576
"seq5581",0.0672368033028605,0.0572102624594515,0.0409908581539369,0.0380418755529342,0.0168092008257151,0.0713653789442642,0.0291949277499263,0.081097021527573,0.0203479799469183,0.0634031259215571,0.0923031554113831,0.0634031259215571,0.0374520790327337,0.0297847242701268,0.0430551459746387,0.056620465939251,0.0784429371866706,0.0265408434090239,0.0212326747272191,0.0654674137422589
"seq5582",0.067826599823061,0.0572102624594515,0.0398112651135358,0.0383367738130345,0.0168092008257151,0.0719551754644648,0.0297847242701268,0.0819817163078738,0.020053081686818,0.0648776172220584,0.0917133588911825,0.0639929224417576,0.0371571807726334,0.0297847242701268,0.0427602477145385,0.0563255676791507,0.0787378354467709,0.0265408434090239,0.0209377764671188,0.0634031259215571
"seq5583",0.0693215339233038,0.0513274336283186,0.0395280235988201,0.0404129793510324,0.0174041297935103,0.0666666666666667,0.0324483775811209,0.0834808259587021,0.0218289085545723,0.059882005899705,0.0938053097345133,0.0654867256637168,0.0365781710914454,0.0289085545722714,0.0445427728613569,0.0528023598820059,0.0787610619469027,0.028023598820059,0.0206489675516224,0.068141592920354
"seq5584",0.0678466076696165,0.052212389380531,0.0392330383480826,0.0407079646017699,0.0171091445427729,0.0666666666666667,0.0324483775811209,0.0831858407079646,0.0218289085545723,0.059882005899705,0.0941002949852507,0.0646017699115044,0.0374631268436578,0.0289085545722714,0.0445427728613569,0.0528023598820059,0.0799410029498525,0.028023598820059,0.0209439528023599,0.0675516224188791
"seq5585",0.0690265486725664,0.052212389380531,0.0383480825958702,0.040117994100295,0.0171091445427729,0.0660766961651917,0.0321533923303835,0.0837758112094395,0.0221238938053097,0.0601769911504425,0.0938053097345133,0.0651917404129794,0.0377581120943953,0.0283185840707965,0.043952802359882,0.0533923303834808,0.079646017699115,0.028023598820059,0.0209439528023599,0.0678466076696165
"seq5586",0.0934065934065934,0.0934065934065934,0.043956043956044,0.0274725274725275,0.00549450549450549,0.10989010989011,0.043956043956044,0.0549450549450549,0.021978021978022,0.0549450549450549,0.120879120879121,0.032967032967033,0.021978021978022,0.043956043956044,0.032967032967033,0.043956043956044,0.021978021978022,0.0384615384615385,0.021978021978022,0.0714285714285714
"seq5587",0.0214592274678112,0.0343347639484979,0.0772532188841202,0.0515021459227468,0.00429184549356223,0.0772532188841202,0.0214592274678112,0.0386266094420601,0.0343347639484979,0.0729613733905579,0.128755364806867,0.0643776824034335,0.0257510729613734,0.0515021459227468,0.0257510729613734,0.0901287553648069,0.055793991416309,0.0128755364806867,0.0472103004291846,0.0643776824034335
"seq5588",0.0927152317880795,0.0264900662251656,0.0662251655629139,0.0662251655629139,0.0993377483443709,0.0132450331125828,0.0397350993377483,0.0529801324503311,0.0264900662251656,0.0529801324503311,0.0662251655629139,0.033112582781457,0.0198675496688742,0.0264900662251656,0.0596026490066225,0.0794701986754967,0.0529801324503311,0.00662251655629139,0.0596026490066225,0.0596026490066225
"seq5589",0.0637254901960784,0.0343137254901961,0.0343137254901961,0.0637254901960784,0,0.0392156862745098,0.0343137254901961,0.0343137254901961,0.0441176470588235,0.0980392156862745,0.0882352941176471,0.112745098039216,0.0147058823529412,0.0343137254901961,0.0294117647058824,0.0735294117647059,0.0392156862745098,0.00980392156862745,0.0833333333333333,0.0686274509803922
"seq5590",0.0473186119873817,0.0914826498422713,0.0410094637223975,0.0378548895899054,0.0126182965299685,0.135646687697161,0.00946372239747634,0.0536277602523659,0.0157728706624606,0.0473186119873817,0.126182965299685,0.110410094637224,0.0157728706624606,0.0599369085173502,0.0220820189274448,0.0410094637223975,0.0220820189274448,0.00630914826498423,0.0252365930599369,0.0788643533123028
"seq5591",0.0447427293064877,0.0514541387024608,0.0447427293064877,0.052572706935123,0.023489932885906,0.063758389261745,0.0469798657718121,0.058165548098434,0.0380313199105145,0.0514541387024608,0.0973154362416107,0.0648769574944072,0.0257270693512304,0.0413870246085011,0.0749440715883669,0.0727069351230425,0.0503355704697987,0.0111856823266219,0.0279642058165548,0.058165548098434
"seq5592",0.0694789081885856,0.0521091811414392,0.054590570719603,0.054590570719603,0.00992555831265509,0.0992555831265509,0.0446650124069479,0.0496277915632754,0.0173697270471464,0.0769230769230769,0.0893300248138958,0.0694789081885856,0.0223325062034739,0.0521091811414392,0.0471464019851117,0.0521091811414392,0.032258064516129,0.00744416873449132,0.032258064516129,0.0669975186104218
"seq5593",0.0576368876080692,0.0115273775216138,0.0605187319884726,0,0,0.0172910662824208,0.0288184438040346,0.037463976945245,0.0115273775216138,0.0893371757925072,0.184438040345821,0.0345821325648415,0.0720461095100865,0.0432276657060519,0.0662824207492795,0.0778097982708934,0.123919308357349,0.031700288184438,0.0288184438040346,0.0230547550432277
"seq5594",0.0809716599190283,0.0242914979757085,0.0728744939271255,0.048582995951417,0.0404858299595142,0.0404858299595142,0.0445344129554656,0.097165991902834,0.0161943319838057,0.0647773279352227,0.0728744939271255,0.0566801619433198,0.0121457489878543,0.0242914979757085,0.048582995951417,0.0809716599190283,0.0404858299595142,0.0161943319838057,0.0404858299595142,0.0769230769230769
"seq5595",0.0482954545454545,0.0539772727272727,0.0340909090909091,0.0596590909090909,0.00284090909090909,0.110795454545455,0.00568181818181818,0.0738636363636364,0.00284090909090909,0.0823863636363636,0.0909090909090909,0.0823863636363636,0.0369318181818182,0.0653409090909091,0.0511363636363636,0.0511363636363636,0.0397727272727273,0.0113636363636364,0.0227272727272727,0.0738636363636364
"seq5596",0.0666666666666667,0.0333333333333333,0.1,0.0333333333333333,0.133333333333333,0.0333333333333333,0,0.0333333333333333,0.0333333333333333,0.0333333333333333,0.0333333333333333,0.133333333333333,0.0333333333333333,0.0666666666666667,0.0666666666666667,0,0.0333333333333333,0.0333333333333333,0.0333333333333333,0.0666666666666667
"seq5597",0.0531914893617021,0.0446808510638298,0.0893617021276596,0.0382978723404255,0.0404255319148936,0.048936170212766,0.025531914893617,0.0914893617021277,0.0212765957446809,0.0872340425531915,0.0553191489361702,0.0446808510638298,0.0234042553191489,0.0234042553191489,0.0531914893617021,0.0872340425531915,0.0680851063829787,0.025531914893617,0.025531914893617,0.0531914893617021
"seq5598",0.0341151385927505,0.0362473347547974,0.0767590618336887,0.0511727078891258,0.0405117270788913,0.0383795309168444,0.0319829424307036,0.0980810234541578,0.0170575692963753,0.0916844349680171,0.0405117270788913,0.0362473347547974,0.0170575692963753,0.0341151385927505,0.046908315565032,0.11727078891258,0.0660980810234542,0.0341151385927505,0.0298507462686567,0.0618336886993603
"seq5599",0.0361702127659574,0.051063829787234,0.0553191489361702,0.051063829787234,0.0361702127659574,0.0468085106382979,0.0361702127659574,0.104255319148936,0.0170212765957447,0.0702127659574468,0.0425531914893617,0.0425531914893617,0.0212765957446809,0.0361702127659574,0.0425531914893617,0.0787234042553192,0.0723404255319149,0.0297872340425532,0.0319148936170213,0.0978723404255319
"seq5600",0.0341151385927505,0.0362473347547974,0.0916844349680171,0.0405117270788913,0.0405117270788913,0.0426439232409382,0.0319829424307036,0.0959488272921109,0.0127931769722814,0.0959488272921109,0.0383795309168444,0.0405117270788913,0.0149253731343284,0.0362473347547974,0.046908315565032,0.115138592750533,0.0575692963752665,0.0341151385927505,0.0319829424307036,0.0618336886993603
"seq5601",0.0486257928118393,0.0443974630021142,0.0634249471458774,0.0422832980972516,0.0359408033826638,0.0591966173361522,0.0232558139534884,0.0845665961945032,0.0169133192389006,0.0782241014799154,0.0528541226215645,0.0422832980972516,0.0211416490486258,0.040169133192389,0.0422832980972516,0.103594080338266,0.0676532769556025,0.025369978858351,0.0274841437632135,0.080338266384778
"seq5602",0.0404255319148936,0.0574468085106383,0.0553191489361702,0.051063829787234,0.0361702127659574,0.0553191489361702,0.0361702127659574,0.0914893617021277,0.0191489361702128,0.0765957446808511,0.0468085106382979,0.0446808510638298,0.0191489361702128,0.0361702127659574,0.0404255319148936,0.0851063829787234,0.0638297872340425,0.025531914893617,0.025531914893617,0.0936170212765957
"seq5603",0.0341151385927505,0.0533049040511727,0.0724946695095949,0.0533049040511727,0.046908315565032,0.046908315565032,0.0341151385927505,0.0831556503198294,0.0213219616204691,0.0852878464818763,0.0426439232409382,0.0362473347547974,0.0170575692963753,0.0298507462686567,0.0447761194029851,0.102345415778252,0.070362473347548,0.0277185501066098,0.0277185501066098,0.070362473347548
"seq5604",0.0341151385927505,0.0575692963752665,0.0682302771855011,0.0575692963752665,0.046908315565032,0.0447761194029851,0.0341151385927505,0.0810234541577825,0.0213219616204691,0.0852878464818763,0.0447761194029851,0.0383795309168444,0.0170575692963753,0.0298507462686567,0.0426439232409382,0.0980810234541578,0.070362473347548,0.0255863539445629,0.0277185501066098,0.0746268656716418
"seq5605",0.0362473347547974,0.0426439232409382,0.0767590618336887,0.0618336886993603,0.0405117270788913,0.0426439232409382,0.0191897654584222,0.0810234541577825,0.0170575692963753,0.093816631130064,0.0405117270788913,0.0533049040511727,0.0149253731343284,0.0383795309168444,0.0575692963752665,0.0810234541577825,0.0788912579957356,0.0255863539445629,0.0298507462686567,0.0682302771855011
"seq5606",0.0494623655913978,0.0516129032258065,0.0881720430107527,0.0451612903225806,0.0451612903225806,0.0473118279569892,0.0279569892473118,0.0774193548387097,0.0193548387096774,0.0795698924731183,0.0516129032258065,0.0387096774193548,0.0150537634408602,0.0193548387096774,0.0516129032258065,0.0924731182795699,0.0774193548387097,0.0301075268817204,0.043010752688172,0.0494623655913978
