"","A","R","N","D","C","E","Q","G","H","I","L","K","M","F","P","S","T","W","Y","V"
"seq5001",0.0923076923076923,0.0384615384615385,0.0153846153846154,0.0307692307692308,0.0153846153846154,0.0230769230769231,0.0615384615384615,0.0692307692307692,0.0230769230769231,0.0153846153846154,0.123076923076923,0.0384615384615385,0.00769230769230769,0.0615384615384615,0.0384615384615385,0.123076923076923,0.0384615384615385,0.0153846153846154,0.0615384615384615,0.107692307692308
"seq5002",0.0681318681318681,0.0373626373626374,0.0307692307692308,0.0593406593406593,0.021978021978022,0.0483516483516484,0.0285714285714286,0.0571428571428571,0.0197802197802198,0.0659340659340659,0.0901098901098901,0.0835164835164835,0.0263736263736264,0.0461538461538462,0.0571428571428571,0.0813186813186813,0.0527472527472527,0.021978021978022,0.0351648351648352,0.0681318681318681
"seq5003",0.135076252723312,0.0348583877995643,0.0130718954248366,0.0239651416122004,0.00871459694989107,0.0239651416122004,0.0239651416122004,0.093681917211329,0.00871459694989107,0.0675381263616558,0.124183006535948,0.0326797385620915,0.0435729847494553,0.0784313725490196,0.037037037037037,0.0675381263616558,0.0413943355119826,0.0239651416122004,0.0413943355119826,0.0762527233115468
"seq5004",0.0837606837606838,0.0769230769230769,0.0273504273504274,0.0632478632478632,0.00854700854700855,0.0820512820512821,0.041025641025641,0.0735042735042735,0.0273504273504274,0.0376068376068376,0.0923076923076923,0.0444444444444444,0.0170940170940171,0.064957264957265,0.0427350427350427,0.041025641025641,0.0478632478632479,0.0222222222222222,0.0444444444444444,0.0615384615384615
"seq5005",0.0852390852390852,0.0644490644490645,0.027027027027027,0.0436590436590437,0.0207900207900208,0.0748440748440748,0.0332640332640333,0.0478170478170478,0.0291060291060291,0.0602910602910603,0.101871101871102,0.051975051975052,0.0374220374220374,0.0561330561330561,0.0644490644490645,0.0561330561330561,0.0415800415800416,0.00623700623700624,0.0249480249480249,0.0727650727650728
"seq5006",0.096,0.0373333333333333,0.0266666666666667,0.0346666666666667,0.016,0.0666666666666667,0.0533333333333333,0.194666666666667,0.00533333333333333,0.0106666666666667,0.0746666666666667,0.0613333333333333,0.0213333333333333,0.0266666666666667,0.104,0.0586666666666667,0.0373333333333333,0.00533333333333333,0.0133333333333333,0.056
"seq5007",0.0817120622568093,0.0389105058365759,0.0700389105058366,0.0428015564202335,0.0194552529182879,0.0894941634241245,0.0466926070038911,0.0428015564202335,0.0428015564202335,0.0778210116731518,0.151750972762646,0.0933852140077821,0.0116731517509728,0.0350194552529183,0.0233463035019455,0.0350194552529183,0.0311284046692607,0,0.00778210116731518,0.0583657587548638
"seq5008",0.0806451612903226,0.0645161290322581,0.0279569892473118,0.0483870967741935,0.0451612903225806,0.0408602150537634,0.0397849462365591,0.0989247311827957,0.0344086021505376,0.032258064516129,0.0827956989247312,0.0634408602150538,0.010752688172043,0.0290322580645161,0.0526881720430108,0.0774193548387097,0.0602150537634409,0.0172043010752688,0.0333333333333333,0.0602150537634409
"seq5009",0.0435103244837758,0.0265486725663717,0.0848082595870207,0.0494100294985251,0.0412979351032448,0.0287610619469027,0.0287610619469027,0.053834808259587,0.0199115044247788,0.0589970501474926,0.0988200589970502,0.0435103244837758,0.00958702064896755,0.0656342182890855,0.0376106194690266,0.115044247787611,0.0641592920353982,0.0117994100294985,0.0530973451327434,0.0648967551622419
"seq5010",0.123376623376623,0.0735930735930736,0.0216450216450216,0.0562770562770563,0.0151515151515152,0.0562770562770563,0.0194805194805195,0.106060606060606,0.0324675324675325,0.0281385281385281,0.114718614718615,0.0432900432900433,0.0108225108225108,0.0281385281385281,0.0497835497835498,0.0714285714285714,0.0454545454545455,0.012987012987013,0.0303030303030303,0.0606060606060606
"seq5011",0.0491803278688525,0.0286885245901639,0.0450819672131148,0.0614754098360656,0.00819672131147541,0.0491803278688525,0.040983606557377,0.159836065573771,0.0327868852459016,0.0368852459016393,0.0942622950819672,0.0491803278688525,0.0204918032786885,0.040983606557377,0.069672131147541,0.0286885245901639,0.0614754098360656,0.00819672131147541,0.0573770491803279,0.0573770491803279
"seq5012",0.0695825049701789,0.0516898608349901,0.0337972166998012,0.047713717693837,0.0139165009940358,0.0556660039761431,0.0397614314115308,0.0695825049701789,0.0238568588469185,0.0556660039761431,0.125248508946322,0.0636182902584493,0.025844930417495,0.0497017892644135,0.0556660039761431,0.0556660039761431,0.0576540755467197,0.0119284294234592,0.0417495029821074,0.0516898608349901
"seq5013",0.0807339449541284,0.0623853211009174,0.0311926605504587,0.0532110091743119,0.0165137614678899,0.0642201834862385,0.0477064220183486,0.0752293577981651,0.0330275229357798,0.0311926605504587,0.0917431192660551,0.0293577981651376,0.0110091743119266,0.0238532110091743,0.0770642201834862,0.0678899082568807,0.055045871559633,0.0275229357798165,0.0275229357798165,0.0935779816513762
"seq5014",0.0688259109311741,0.0607287449392713,0.0364372469635627,0.0323886639676113,0.0323886639676113,0.0404858299595142,0.0364372469635627,0.0850202429149798,0.0364372469635627,0.048582995951417,0.121457489878543,0.0566801619433198,0.0202429149797571,0.048582995951417,0.0688259109311741,0.0607287449392713,0.0607287449392713,0.0121457489878543,0.0202429149797571,0.0526315789473684
"seq5015",0.0925925925925926,0.0476190476190476,0.0396825396825397,0.0238095238095238,0.0185185185185185,0.0687830687830688,0.0529100529100529,0.203703703703704,0,0.0238095238095238,0.0687830687830688,0.0529100529100529,0.0211640211640212,0.0238095238095238,0.113756613756614,0.044973544973545,0.0476190476190476,0.00529100529100529,0.0105820105820106,0.0396825396825397
"seq5016",0.0710144927536232,0.0579710144927536,0.0492753623188406,0.0507246376811594,0.00579710144927536,0.0420289855072464,0.0391304347826087,0.0594202898550725,0.0159420289855072,0.0811594202898551,0.115942028985507,0.0681159420289855,0.0217391304347826,0.0536231884057971,0.0333333333333333,0.063768115942029,0.0666666666666667,0.0115942028985507,0.0231884057971014,0.0695652173913043
"seq5017",0.0827067669172932,0.093984962406015,0.0075187969924812,0.0601503759398496,0.0112781954887218,0.0451127819548872,0.075187969924812,0.093984962406015,0.0338345864661654,0.0263157894736842,0.12781954887218,0.0263157894736842,0.0150375939849624,0.0338345864661654,0.0601503759398496,0.0526315789473684,0.0451127819548872,0.0150375939849624,0.0338345864661654,0.0601503759398496
"seq5018",0.0730769230769231,0.0346153846153846,0.0653846153846154,0.0576923076923077,0,0.0346153846153846,0.0576923076923077,0.0692307692307692,0.0115384615384615,0.0384615384615385,0.0807692307692308,0.0384615384615385,0.00769230769230769,0.0615384615384615,0.0461538461538462,0.119230769230769,0.0769230769230769,0.0192307692307692,0.0307692307692308,0.0769230769230769
"seq5019",0.0689655172413793,0.0689655172413793,0.0766283524904215,0.0574712643678161,0,0.0421455938697318,0.0498084291187739,0.0498084291187739,0.0191570881226054,0.0459770114942529,0.0957854406130268,0.0153256704980843,0.00766283524904215,0.0613026819923372,0.0421455938697318,0.103448275862069,0.0881226053639847,0.0191570881226054,0.0229885057471264,0.0651340996168582
"seq5020",0.0599173553719008,0.0495867768595041,0.0826446280991736,0.0599173553719008,0.00826446280991736,0.0785123966942149,0.0433884297520661,0.0764462809917355,0.0165289256198347,0.0681818181818182,0.0805785123966942,0.0640495867768595,0.0185950413223141,0.0557851239669422,0.0351239669421488,0.0661157024793388,0.0557851239669422,0.00826446280991736,0.0247933884297521,0.0475206611570248
"seq5021",0.101243339253996,0.0461811722912966,0.0284191829484902,0.0515097690941385,0.0142095914742451,0.0532859680284192,0.0390763765541741,0.0799289520426288,0.0230905861456483,0.0479573712255773,0.0834813499111901,0.063943161634103,0.0142095914742451,0.0497335701598579,0.0621669626998224,0.0728241563055062,0.0479573712255773,0.0177619893428064,0.0301953818827709,0.0728241563055062
"seq5022",0.0971428571428571,0.0628571428571429,0.056,0.0571428571428571,0.0148571428571429,0.0525714285714286,0.032,0.0925714285714286,0.0285714285714286,0.0308571428571429,0.08,0.024,0.0217142857142857,0.0365714285714286,0.0662857142857143,0.0594285714285714,0.0537142857142857,0.0262857142857143,0.0365714285714286,0.0708571428571429
"seq5023",0.0598802395209581,0.0538922155688623,0.0419161676646707,0.0598802395209581,0.0239520958083832,0.0778443113772455,0.00598802395209581,0.0538922155688623,0.029940119760479,0.0838323353293413,0.0718562874251497,0.0778443113772455,0.0239520958083832,0.0538922155688623,0.029940119760479,0.0718562874251497,0.0239520958083832,0.0119760479041916,0.0479041916167665,0.0958083832335329
"seq5024",0.0984682713347921,0.0722100656455142,0.0218818380743982,0.0481400437636762,0.0153172866520788,0.0634573304157549,0.0393873085339169,0.0722100656455142,0.0262582056892779,0.0656455142231947,0.0809628008752735,0.0481400437636762,0.0306345733041575,0.0153172866520788,0.0590809628008753,0.0722100656455142,0.050328227571116,0.0087527352297593,0.0328227571115974,0.0787746170678337
"seq5025",0.0533751962323391,0.043956043956044,0.0361067503924647,0.0706436420722135,0.00470957613814757,0.0894819466248038,0.0156985871271586,0.0565149136577708,0.0172684458398744,0.0612244897959184,0.103610675039246,0.0941915227629513,0.0172684458398744,0.0565149136577708,0.0753532182103611,0.0408163265306122,0.0345368916797488,0.0204081632653061,0.0455259026687598,0.0627943485086342
"seq5026",0.0762331838565022,0.0582959641255605,0.0373692077727952,0.0493273542600897,0.00448430493273543,0.0657698056801196,0.0568011958146487,0.0822122571001495,0.0209267563527653,0.0553064275037369,0.0747384155455904,0.0822122571001495,0.0403587443946188,0.0298953662182362,0.0433482810164425,0.0553064275037369,0.0612855007473842,0.0179372197309417,0.0343796711509716,0.0538116591928251
"seq5027",0.087893864013267,0.0199004975124378,0.0646766169154229,0.0597014925373134,0,0.0563847429519071,0.0248756218905473,0.0779436152570481,0.0248756218905473,0.0613598673300166,0.0912106135986733,0.0912106135986733,0.021558872305141,0.0431177446102819,0.0431177446102819,0.0646766169154229,0.0563847429519071,0.0066334991708126,0.0414593698175788,0.0630182421227197
"seq5028",0.024822695035461,0.024822695035461,0.0780141843971631,0.0638297872340425,0.0106382978723404,0.0921985815602837,0.049645390070922,0.0673758865248227,0.0283687943262411,0.0780141843971631,0.0886524822695035,0.0886524822695035,0.0141843971631206,0.0460992907801418,0.024822695035461,0.0638297872340425,0.0567375886524823,0.00709219858156028,0.0531914893617021,0.0390070921985816
"seq5029",0.0736196319018405,0.0368098159509202,0.0460122699386503,0.0613496932515337,0.0153374233128834,0.0368098159509202,0.0521472392638037,0.0613496932515337,0.0276073619631902,0.0705521472392638,0.104294478527607,0.0582822085889571,0.00920245398773006,0.0429447852760736,0.0552147239263804,0.0950920245398773,0.0460122699386503,0.0184049079754601,0.0306748466257669,0.0582822085889571
"seq5030",0.0504807692307692,0.0216346153846154,0.0384615384615385,0.134615384615385,0.00721153846153846,0.122596153846154,0.0360576923076923,0.0625,0.0168269230769231,0.0456730769230769,0.0649038461538462,0.103365384615385,0.0120192307692308,0.0432692307692308,0.0625,0.0432692307692308,0.0336538461538462,0.0264423076923077,0.0336538461538462,0.0408653846153846
"seq5031",0.0736434108527132,0.0310077519379845,0.0387596899224806,0.0658914728682171,0.0155038759689922,0.0271317829457364,0.0232558139534884,0.170542635658915,0.0193798449612403,0.0310077519379845,0.0658914728682171,0.0426356589147287,0.0193798449612403,0.0310077519379845,0.108527131782946,0.0697674418604651,0.0503875968992248,0.00387596899224806,0.0465116279069767,0.0658914728682171
"seq5032",0.0718685831622177,0.0882956878850103,0.0390143737166324,0.0636550308008214,0.0184804928131417,0.053388090349076,0.0308008213552361,0.0595482546201232,0.0349075975359343,0.0349075975359343,0.0862422997946612,0.0451745379876797,0.0369609856262834,0.0451745379876797,0.0554414784394251,0.0431211498973306,0.0513347022587269,0.0225872689938398,0.0492813141683778,0.0698151950718686
"seq5033",0.0821917808219178,0.0582191780821918,0.0428082191780822,0.0839041095890411,0,0.0565068493150685,0.0325342465753425,0.0667808219178082,0.0222602739726027,0.0376712328767123,0.0719178082191781,0.0530821917808219,0.0256849315068493,0.0599315068493151,0.0565068493150685,0.0616438356164384,0.0633561643835616,0.023972602739726,0.0530821917808219,0.0479452054794521
"seq5034",0.0952380952380952,0.0578231292517007,0.0510204081632653,0.0646258503401361,0.00680272108843537,0.0408163265306122,0.0170068027210884,0.125850340136054,0.0170068027210884,0.0306122448979592,0.0612244897959184,0.0136054421768707,0.0340136054421769,0.0510204081632653,0.105442176870748,0.0442176870748299,0.0510204081632653,0.0510204081632653,0.0272108843537415,0.054421768707483
"seq5035",0.016597510373444,0.0580912863070539,0.0663900414937759,0.045643153526971,0.012448132780083,0.0746887966804979,0.024896265560166,0.04149377593361,0.024896265560166,0.116182572614108,0.0954356846473029,0.112033195020747,0.020746887966805,0.037344398340249,0.037344398340249,0.0746887966804979,0.020746887966805,0.004149377593361,0.0580912863070539,0.0580912863070539
"seq5036",0.0217391304347826,0.0652173913043478,0.0579710144927536,0.0652173913043478,0.0217391304347826,0.115942028985507,0.0289855072463768,0.0507246376811594,0.0507246376811594,0.0652173913043478,0.101449275362319,0.0434782608695652,0.0144927536231884,0.0652173913043478,0.0217391304347826,0.0579710144927536,0.0217391304347826,0.0072463768115942,0.0579710144927536,0.0652173913043478
"seq5037",0.0987654320987654,0.0555555555555556,0.0432098765432099,0.0617283950617284,0.0123456790123457,0.0432098765432099,0.0493827160493827,0.0555555555555556,0.037037037037037,0.0555555555555556,0.12962962962963,0.0432098765432099,0.0185185185185185,0.037037037037037,0.0679012345679012,0.0493827160493827,0.0493827160493827,0.0123456790123457,0.0432098765432099,0.037037037037037
"seq5038",0.0955414012738854,0.0828025477707006,0.0445859872611465,0.0573248407643312,0.00636942675159236,0.0573248407643312,0.0254777070063694,0.0636942675159236,0.0318471337579618,0.0573248407643312,0.101910828025478,0.0191082802547771,0.0318471337579618,0.0382165605095541,0.0764331210191083,0.0445859872611465,0.0509554140127389,0.0127388535031847,0.0445859872611465,0.0573248407643312
"seq5039",0.08984375,0.04296875,0.05859375,0.046875,0,0.08203125,0.03515625,0.08984375,0.01953125,0.0703125,0.1015625,0.06640625,0.01953125,0.03515625,0.01953125,0.06640625,0.0390625,0,0.03515625,0.08203125
"seq5040",0.0763636363636364,0.0509090909090909,0.0254545454545455,0.0545454545454545,0.0290909090909091,0.0327272727272727,0.0545454545454545,0.0836363636363636,0.0436363636363636,0.04,0.101818181818182,0.0290909090909091,0.0181818181818182,0.0145454545454545,0.0945454545454545,0.04,0.04,0.0327272727272727,0.04,0.0981818181818182
"seq5041",0.031413612565445,0.06282722513089,0.0994764397905759,0.0890052356020942,0,0.0837696335078534,0.0418848167539267,0.0104712041884817,0.0366492146596859,0.0680628272251309,0.0942408376963351,0.0942408376963351,0.0471204188481675,0.0471204188481675,0.0104712041884817,0.0575916230366492,0.0680628272251309,0,0.0418848167539267,0.0157068062827225
"seq5042",0.10267229254571,0.0618846694796062,0.0281293952180028,0.0590717299578059,0.00140646976090014,0.0857946554149086,0.0436005625879044,0.0886075949367089,0.0154711673699015,0.0731364275668073,0.0717299578059072,0.0478199718706048,0.029535864978903,0.0267229254571027,0.0436005625879044,0.0436005625879044,0.0576652601969058,0.00281293952180028,0.0182841068917018,0.0984528832630098
"seq5043",0.0548712206047032,0.0403135498320269,0.070548712206047,0.0638297872340425,0.00335946248600224,0.0627099664053751,0.0459126539753639,0.0783874580067189,0.013437849944009,0.0627099664053751,0.0627099664053751,0.0750279955207167,0.0156774916013438,0.0369540873460246,0.0537513997760358,0.0503919372900336,0.0929451287793953,0.00559910414333707,0.0481522956326988,0.0627099664053751
"seq5044",0.103585657370518,0.0597609561752988,0.0398406374501992,0.051792828685259,0.00796812749003984,0.0806772908366534,0.0318725099601594,0.0796812749003984,0.0199203187250996,0.0577689243027888,0.0776892430278884,0.0637450199203187,0.0318725099601594,0.0468127490039841,0.047808764940239,0.0408366533864542,0.0398406374501992,0.0149402390438247,0.0308764940239044,0.0727091633466136
"seq5045",0.0566037735849057,0.0314465408805031,0.0660377358490566,0.0786163522012579,0.0125786163522013,0.0628930817610063,0.050314465408805,0.050314465408805,0.0377358490566038,0.0723270440251572,0.0849056603773585,0.0660377358490566,0.0157232704402516,0.0660377358490566,0.0377358490566038,0.0534591194968553,0.0566037735849057,0.0188679245283019,0.0408805031446541,0.0408805031446541
"seq5046",0.0446265938069217,0.0327868852459016,0.0555555555555556,0.0519125683060109,0.00546448087431694,0.0901639344262295,0.0519125683060109,0.0546448087431694,0.0327868852459016,0.0883424408014572,0.101092896174863,0.0683060109289618,0.0209471766848816,0.0418943533697632,0.0355191256830601,0.0500910746812386,0.063752276867031,0.01183970856102,0.0446265938069217,0.0537340619307832
"seq5047",0.0838709677419355,0.0709677419354839,0.0516129032258065,0.0645161290322581,0,0.0645161290322581,0.032258064516129,0.0774193548387097,0.00645161290322581,0.0774193548387097,0.109677419354839,0.0516129032258065,0.0193548387096774,0.032258064516129,0.0451612903225806,0.0580645161290323,0.0387096774193548,0.0129032258064516,0.0451612903225806,0.0580645161290323
"seq5048",0.110132158590308,0.0881057268722467,0.0220264317180617,0.0484581497797357,0.0220264317180617,0.092511013215859,0.0440528634361234,0.0748898678414097,0.0176211453744493,0.039647577092511,0.101321585903084,0.026431718061674,0.0176211453744493,0.039647577092511,0.0484581497797357,0.0440528634361234,0.0308370044052863,0.0308370044052863,0.0176211453744493,0.0837004405286344
"seq5049",0.0785340314136126,0.0366492146596859,0.0418848167539267,0.0261780104712042,0.00261780104712042,0.0890052356020942,0.0209424083769634,0.0942408376963351,0.0130890052356021,0.0968586387434555,0.0654450261780105,0.0837696335078534,0.0209424083769634,0.0471204188481675,0.0471204188481675,0.031413612565445,0.0759162303664921,0.0130890052356021,0.0523560209424084,0.06282722513089
"seq5050",0.025,0.0375,0.05625,0.0375,0.04375,0.05,0.03125,0.0375,0.0125,0.08125,0.0875,0.08125,0.025,0.08125,0.04375,0.10625,0.05,0.00625,0.05625,0.05
"seq5051",0.0736434108527132,0.0736434108527132,0.0232558139534884,0.0503875968992248,0.0813953488372093,0.0736434108527132,0.0387596899224806,0.10077519379845,0.0426356589147287,0.0271317829457364,0.10077519379845,0.0465116279069767,0.0193798449612403,0.0155038759689922,0.0968992248062016,0.0581395348837209,0.0232558139534884,0.00387596899224806,0.0116279069767442,0.0387596899224806
"seq5052",0.0598911070780399,0.058076225045372,0.0344827586206897,0.0326678765880218,0.029038112522686,0.0671506352087114,0.0471869328493648,0.0762250453720508,0.0127041742286751,0.0344827586206897,0.123411978221416,0.0417422867513612,0.0127041742286751,0.0308529945553539,0.0834845735027223,0.105263157894737,0.0526315789473684,0.0199637023593466,0.029038112522686,0.0490018148820327
"seq5053",0.103202846975089,0.0533807829181495,0.0302491103202847,0.0498220640569395,0.0142348754448399,0.0533807829181495,0.0409252669039146,0.0782918149466192,0.0231316725978648,0.0480427046263345,0.0836298932384342,0.0569395017793594,0.0177935943060498,0.0498220640569395,0.0604982206405694,0.0729537366548043,0.0480427046263345,0.0177935943060498,0.0302491103202847,0.0676156583629893
"seq5054",0.105263157894737,0.0215311004784689,0.0430622009569378,0.0526315789473684,0.0119617224880383,0.0598086124401914,0.0287081339712919,0.0789473684210526,0.0119617224880383,0.0741626794258373,0.0837320574162679,0.0956937799043062,0.0382775119617225,0.0406698564593301,0.0502392344497608,0.0526315789473684,0.0550239234449761,0.00717703349282297,0.0263157894736842,0.062200956937799
"seq5055",0.0571428571428571,0.0457142857142857,0.04,0.0342857142857143,0.04,0.0457142857142857,0.0285714285714286,0.0685714285714286,0.0171428571428571,0.0228571428571429,0.102857142857143,0.04,0.0285714285714286,0.0285714285714286,0.0742857142857143,0.154285714285714,0.0342857142857143,0.04,0.04,0.0571428571428571
"seq5056",0.0490405117270789,0.0362473347547974,0.0447761194029851,0.0575692963752665,0.0319829424307036,0.0660980810234542,0.0383795309168444,0.093816631130064,0.0213219616204691,0.0490405117270789,0.0810234541577825,0.0575692963752665,0.0149253731343284,0.0554371002132196,0.0533049040511727,0.0788912579957356,0.0554371002132196,0.0170575692963753,0.0319829424307036,0.0660980810234542
"seq5057",0.0945945945945946,0.0648648648648649,0.0324324324324324,0.0594594594594595,0.0108108108108108,0.0648648648648649,0.0297297297297297,0.072972972972973,0.0108108108108108,0.0540540540540541,0.108108108108108,0.0648648648648649,0.027027027027027,0.027027027027027,0.0405405405405405,0.0594594594594595,0.0432432432432432,0.0162162162162162,0.027027027027027,0.0918918918918919
"seq5058",0.172619047619048,0.0535714285714286,0.0297619047619048,0.0357142857142857,0,0.0654761904761905,0.0595238095238095,0.0654761904761905,0.0119047619047619,0.0238095238095238,0.119047619047619,0.0238095238095238,0.0178571428571429,0.0357142857142857,0.0476190476190476,0.0654761904761905,0.0595238095238095,0,0.0119047619047619,0.101190476190476
"seq5059",0.0665236051502146,0.0429184549356223,0.0386266094420601,0.0493562231759657,0.0386266094420601,0.0536480686695279,0.0150214592274678,0.0965665236051502,0.0236051502145923,0.0579399141630901,0.0815450643776824,0.0600858369098712,0.0300429184549356,0.0321888412017167,0.0493562231759657,0.0793991416309013,0.0793991416309013,0.0171673819742489,0.0429184549356223,0.0450643776824034
"seq5060",0.0643776824034335,0.0450643776824034,0.0321888412017167,0.0536480686695279,0.0386266094420601,0.0536480686695279,0.0171673819742489,0.0879828326180258,0.0278969957081545,0.055793991416309,0.0815450643776824,0.0600858369098712,0.0300429184549356,0.0278969957081545,0.0472103004291846,0.0815450643776824,0.0858369098712446,0.01931330472103,0.0429184549356223,0.0472103004291846
"seq5061",0.072289156626506,0.0650602409638554,0.0337349397590361,0.0216867469879518,0.0289156626506024,0.0385542168674699,0.0457831325301205,0.0819277108433735,0.0120481927710843,0.0433734939759036,0.072289156626506,0.0433734939759036,0.0168674698795181,0.0265060240963855,0.156626506024096,0.0602409638554217,0.0578313253012048,0.0289156626506024,0.0265060240963855,0.0674698795180723
"seq5062",0.0790273556231003,0.0638297872340425,0.0395136778115502,0.0303951367781155,0.0364741641337386,0.0303951367781155,0.0486322188449848,0.0942249240121581,0.0212765957446809,0.0577507598784195,0.0638297872340425,0.0395136778115502,0.0182370820668693,0.027355623100304,0.0699088145896656,0.0729483282674772,0.0638297872340425,0.0364741641337386,0.027355623100304,0.0790273556231003
"seq5063",0.0426829268292683,0.0335365853658537,0.0457317073170732,0.0487804878048781,0.0121951219512195,0.0670731707317073,0.0274390243902439,0.0701219512195122,0.0304878048780488,0.0914634146341463,0.0945121951219512,0.0670731707317073,0.0213414634146341,0.0487804878048781,0.0365853658536585,0.0945121951219512,0.0914634146341463,0.00609756097560976,0.0365853658536585,0.0335365853658537
"seq5064",0.0730593607305936,0.0410958904109589,0.0182648401826484,0.0684931506849315,0.0228310502283105,0.0639269406392694,0.0410958904109589,0.0547945205479452,0.0182648401826484,0.0502283105022831,0.10958904109589,0.091324200913242,0.0273972602739726,0.0639269406392694,0.0502283105022831,0.0319634703196347,0.0639269406392694,0.0136986301369863,0.0684931506849315,0.0273972602739726
"seq5065",0.121621621621622,0.0405405405405405,0.0371621621621622,0.0641891891891892,0.0135135135135135,0.0168918918918919,0.0236486486486486,0.0878378378378378,0.0236486486486486,0.0371621621621622,0.114864864864865,0.0337837837837838,0.0101351351351351,0.0371621621621622,0.0810810810810811,0.0405405405405405,0.0777027027027027,0.0101351351351351,0.0337837837837838,0.0945945945945946
"seq5066",0.10989010989011,0.032967032967033,0.0402930402930403,0.0146520146520147,0,0.0476190476190476,0.0293040293040293,0.0732600732600733,0.00366300366300366,0.0512820512820513,0.128205128205128,0.021978021978022,0.0402930402930403,0.0659340659340659,0.0549450549450549,0.0586080586080586,0.0695970695970696,0.0183150183150183,0.0549450549450549,0.0842490842490843
"seq5067",0.135265700483092,0.0966183574879227,0.0434782608695652,0.0628019323671498,0.0144927536231884,0.0579710144927536,0.0386473429951691,0.0579710144927536,0.00966183574879227,0.0628019323671498,0.0917874396135266,0.0144927536231884,0.0193236714975845,0.0338164251207729,0.0531400966183575,0.0531400966183575,0.0338164251207729,0.0434782608695652,0.0338164251207729,0.0434782608695652
"seq5068",0.0840336134453782,0.0420168067226891,0.0420168067226891,0.0504201680672269,0,0.0672268907563025,0.0588235294117647,0.0672268907563025,0.0504201680672269,0.0672268907563025,0.0504201680672269,0.0504201680672269,0.0336134453781513,0.0588235294117647,0.0756302521008403,0.0252100840336134,0.0504201680672269,0.0168067226890756,0.0420168067226891,0.0672268907563025
"seq5069",0.222972972972973,0.0472972972972973,0.0337837837837838,0.0405405405405405,0.0202702702702703,0.0540540540540541,0.0472972972972973,0.0675675675675676,0.00675675675675676,0.027027027027027,0.0810810810810811,0.0540540540540541,0.027027027027027,0.0202702702702703,0.0202702702702703,0.0810810810810811,0.0405405405405405,0.0135135135135135,0.027027027027027,0.0675675675675676
"seq5070",0.0721649484536082,0.0402061855670103,0.0309278350515464,0.0494845360824742,0.0164948453608247,0.0917525773195876,0.0237113402061856,0.0742268041237113,0.0206185567010309,0.077319587628866,0.0824742268041237,0.0505154639175258,0.0185567010309278,0.0608247422680412,0.0309278350515464,0.0597938144329897,0.0701030927835052,0.0123711340206186,0.0288659793814433,0.088659793814433
"seq5071",0.159722222222222,0.0208333333333333,0.0277777777777778,0.0416666666666667,0.0277777777777778,0.0138888888888889,0.0416666666666667,0.138888888888889,0.0138888888888889,0.0208333333333333,0.0555555555555556,0.0208333333333333,0.00694444444444444,0.0277777777777778,0.0416666666666667,0.0763888888888889,0.125,0.00694444444444444,0.00694444444444444,0.125
"seq5072",0.0950226244343891,0.0180995475113122,0.0633484162895928,0.0407239819004525,0.0135746606334842,0.0497737556561086,0.0588235294117647,0.0678733031674208,0.0452488687782805,0.0542986425339367,0.0995475113122172,0.0769230769230769,0.00904977375565611,0.0226244343891403,0.0452488687782805,0.0588235294117647,0.0407239819004525,0.0271493212669683,0.0361990950226244,0.0769230769230769
"seq5073",0.0823970037453183,0.0499375780274657,0.0262172284644195,0.0449438202247191,0.00624219725343321,0.0873907615480649,0.0411985018726592,0.052434456928839,0.0249687890137328,0.0287141073657928,0.0873907615480649,0.102372034956305,0.0212234706616729,0.0162297128589263,0.102372034956305,0.111111111111111,0.0424469413233458,0.00499375780274657,0.0237203495630462,0.0436953807740325
"seq5074",0.0473637176050045,0.0160857908847185,0.0500446827524576,0.0366398570151921,0.00983020554066131,0.0500446827524576,0.0268096514745308,0.0571939231456658,0.0134048257372654,0.0554066130473637,0.0357462019660411,0.0223413762287757,0.00804289544235925,0.0259159964253798,0.0714924039320822,0.111706881143878,0.230563002680965,0.0196604110813226,0.0402144772117962,0.0714924039320822
"seq5075",0.111716621253406,0.0735694822888283,0.0354223433242507,0.0299727520435967,0.0217983651226158,0.0708446866485014,0.0408719346049046,0.0844686648501362,0.0299727520435967,0.0190735694822888,0.103542234332425,0.0354223433242507,0.0299727520435967,0.0326975476839237,0.0544959128065395,0.0653950953678474,0.0572207084468665,0.0190735694822888,0.0354223433242507,0.0490463215258856
"seq5076",0.114155251141553,0.0547945205479452,0.0228310502283105,0.0547945205479452,0.0091324200913242,0.0593607305936073,0.0273972602739726,0.114155251141553,0.0228310502283105,0.0547945205479452,0.0821917808219178,0.0228310502283105,0.0319634703196347,0.0319634703196347,0.0365296803652968,0.0593607305936073,0.0639269406392694,0.0045662100456621,0.045662100456621,0.0867579908675799
"seq5077",0.0421052631578947,0.0496240601503759,0.0315789473684211,0.0631578947368421,0.0195488721804511,0.0736842105263158,0.0285714285714286,0.0706766917293233,0.0195488721804511,0.0511278195488722,0.102255639097744,0.0616541353383459,0.0270676691729323,0.0541353383458647,0.0571428571428571,0.0601503759398496,0.0496240601503759,0.0180451127819549,0.0345864661654135,0.0857142857142857
"seq5078",0.102272727272727,0.0511363636363636,0.00568181818181818,0.0284090909090909,0.0340909090909091,0.0340909090909091,0.0511363636363636,0.0568181818181818,0.0113636363636364,0.0454545454545455,0.159090909090909,0.0340909090909091,0.0397727272727273,0.0738636363636364,0.0568181818181818,0.0284090909090909,0.0340909090909091,0.0397727272727273,0.0340909090909091,0.0795454545454545
"seq5079",0.0791457286432161,0.0577889447236181,0.0402010050251256,0.0402010050251256,0.0263819095477387,0.0603015075376884,0.0464824120603015,0.0904522613065327,0.0351758793969849,0.028894472361809,0.128140703517588,0.0276381909547739,0.021356783919598,0.0414572864321608,0.0590452261306533,0.0653266331658292,0.0414572864321608,0.0201005025125628,0.0163316582914573,0.0741206030150754
"seq5080",0.0410729253981559,0.0523889354568315,0.0414920368818106,0.0498742665549036,0.0264040234702431,0.0586756077116513,0.0540653813914501,0.0834031852472758,0.0213746856663873,0.0461022632020117,0.0540653813914501,0.0326906957250629,0.0113160100586756,0.0213746856663873,0.0792120704107293,0.0800502933780386,0.107711651299246,0.0163453478625314,0.0419111483654652,0.0804694048616932
"seq5081",0.099290780141844,0.0460992907801418,0.0425531914893617,0.049645390070922,0.0531914893617021,0.0460992907801418,0.0425531914893617,0.0425531914893617,0.0106382978723404,0.0673758865248227,0.0851063829787234,0.0886524822695035,0.0354609929078014,0.0319148936170213,0.0602836879432624,0.0531914893617021,0.0673758865248227,0.0141843971631206,0.0354609929078014,0.0283687943262411
"seq5082",0.0951219512195122,0.0853658536585366,0.0317073170731707,0.0463414634146341,0.0024390243902439,0.0780487804878049,0.0268292682926829,0.0707317073170732,0.024390243902439,0.0682926829268293,0.134146341463415,0.0414634146341463,0.0268292682926829,0.0195121951219512,0.0341463414634146,0.0585365853658537,0.0390243902439024,0.0048780487804878,0.0463414634146341,0.0658536585365854
"seq5083",0.0907840440165062,0.0563961485557084,0.0371389270976616,0.061898211829436,0.0247592847317744,0.0591471801925722,0.0385144429160935,0.0729023383768913,0.0123796423658872,0.0605226960110041,0.0907840440165062,0.0550206327372765,0.0330123796423659,0.0247592847317744,0.0481430536451169,0.0577716643741403,0.061898211829436,0.00962861072902338,0.0220082530949106,0.0825309491059147
"seq5084",0.0901803607214429,0.0340681362725451,0.0501002004008016,0.0480961923847695,0.0100200400801603,0.0761523046092184,0.0260521042084168,0.0961923847695391,0.0280561122244489,0.0801603206412826,0.0741482965931864,0.094188376753507,0.0180360721442886,0.0340681362725451,0.030060120240481,0.0480961923847695,0.0541082164328657,0.00200400801603206,0.0200400801603206,0.0861723446893788
"seq5085",0.0743243243243243,0.0135135135135135,0.0472972972972973,0.0743243243243243,0.0202702702702703,0.027027027027027,0.0405405405405405,0.0743243243243243,0.027027027027027,0.027027027027027,0.121621621621622,0.0810810810810811,0.0472972972972973,0.0405405405405405,0.0337837837837838,0.0878378378378378,0.0675675675675676,0.00675675675675676,0.0135135135135135,0.0743243243243243
"seq5086",0.142857142857143,0.0428571428571429,0.0142857142857143,0.0142857142857143,0,0.0142857142857143,0.0285714285714286,0.0428571428571429,0.0285714285714286,0.0285714285714286,0.157142857142857,0.0857142857142857,0.0142857142857143,0.0285714285714286,0.1,0.0714285714285714,0.0714285714285714,0.0285714285714286,0.0285714285714286,0.0571428571428571
"seq5087",0.0653442240373396,0.058343057176196,0.0326721120186698,0.0431738623103851,0.0058343057176196,0.0746791131855309,0.0385064177362894,0.0933488914819137,0.0256709451575263,0.0571761960326721,0.0991831971995333,0.0560093348891482,0.0175029171528588,0.0315052508751459,0.05950991831972,0.0571761960326721,0.0571761960326721,0.0186697782963827,0.0455075845974329,0.0630105017502917
"seq5088",0.0714285714285714,0.0526315789473684,0.0639097744360902,0.0338345864661654,0.0300751879699248,0.018796992481203,0.0601503759398496,0.0977443609022556,0.0263157894736842,0.037593984962406,0.0864661654135338,0.0112781954887218,0.0112781954887218,0.0150375939849624,0.0300751879699248,0.0902255639097744,0.0789473684210526,0.0263157894736842,0.0451127819548872,0.112781954887218
"seq5089",0.0445468509984639,0.0768049155145929,0.0675883256528418,0.0491551459293395,0.00768049155145929,0.0814132104454685,0.0476190476190476,0.0829493087557604,0.0184331797235023,0.0368663594470046,0.0614439324116743,0.0768049155145929,0.021505376344086,0.0337941628264209,0.0691244239631336,0.0875576036866359,0.0506912442396313,0.00768049155145929,0.0276497695852535,0.0506912442396313
"seq5090",0.0901856763925729,0.0371352785145889,0.0238726790450928,0.0424403183023873,0.0159151193633952,0.0450928381962865,0.026525198938992,0.0981432360742706,0.013262599469496,0.0371352785145889,0.103448275862069,0.0583554376657825,0.026525198938992,0.0397877984084881,0.0583554376657825,0.0848806366047745,0.0530503978779841,0,0.0424403183023873,0.103448275862069
"seq5091",0.0537383177570093,0.0607476635514019,0.0514018691588785,0.0490654205607477,0.0257009345794393,0.0654205607476635,0.0303738317757009,0.0373831775700935,0.0303738317757009,0.0537383177570093,0.0934579439252336,0.0677570093457944,0.0303738317757009,0.0560747663551402,0.0560747663551402,0.058411214953271,0.0420560747663551,0.0163551401869159,0.044392523364486,0.0771028037383178
"seq5092",0.0635103926096998,0.0508083140877598,0.0346420323325635,0.0427251732101617,0.00808314087759815,0.0739030023094688,0.0427251732101617,0.0946882217090069,0.023094688221709,0.0508083140877598,0.0981524249422633,0.0658198614318707,0.0219399538106236,0.0323325635103926,0.0565819861431871,0.0542725173210162,0.0531177829099307,0.0184757505773672,0.0427251732101617,0.0715935334872979
"seq5093",0.0762852404643449,0.0480928689883914,0.0464344941956882,0.066334991708126,0.0149253731343284,0.066334991708126,0.0530679933665008,0.0762852404643449,0.0315091210613599,0.0480928689883914,0.066334991708126,0.0447761194029851,0.021558872305141,0.0414593698175788,0.0398009950248756,0.0414593698175788,0.0580431177446103,0.0315091210613599,0.0398009950248756,0.087893864013267
"seq5094",0.0747252747252747,0.021978021978022,0.0659340659340659,0.0901098901098901,0.0395604395604396,0.0263736263736264,0.043956043956044,0.0989010989010989,0.010989010989011,0.032967032967033,0.0571428571428571,0.0285714285714286,0.021978021978022,0.0351648351648352,0.0549450549450549,0.0857142857142857,0.0967032967032967,0.0175824175824176,0.043956043956044,0.0527472527472527
"seq5095",0.111587982832618,0.0386266094420601,0.0600858369098712,0.0515021459227468,0.0171673819742489,0.0472103004291846,0.0343347639484979,0.0600858369098712,0.0300429184549356,0.0429184549356223,0.0815450643776824,0.0772532188841202,0.0257510729613734,0.0515021459227468,0.0515021459227468,0.0515021459227468,0.0429184549356223,0.0257510729613734,0.0343347639484979,0.0643776824034335
"seq5096",0.0268562401263823,0.0505529225908373,0.0568720379146919,0.0363349131121643,0.0537124802527646,0.0695102685624013,0.0458135860979463,0.0442338072669826,0.042654028436019,0.0616113744075829,0.113744075829384,0.0916271721958926,0.014218009478673,0.0363349131121643,0.0537124802527646,0.0805687203791469,0.0521327014218009,0.00947867298578199,0.0252764612954186,0.0347551342812006
"seq5097",0.124401913875598,0.0861244019138756,0.0239234449760766,0.0669856459330144,0.0191387559808612,0.0861244019138756,0.0239234449760766,0.0717703349282297,0.00956937799043062,0.0717703349282297,0.0813397129186603,0.062200956937799,0.0143540669856459,0.0191387559808612,0.0143540669856459,0.0669856459330144,0.0669856459330144,0.00956937799043062,0.00478468899521531,0.076555023923445
"seq5098",0.12962962962963,0.0841750841750842,0.0117845117845118,0.0707070707070707,0.0101010101010101,0.0740740740740741,0.037037037037037,0.0892255892255892,0.0202020202020202,0.0505050505050505,0.0808080808080808,0.0218855218855219,0.0168350168350168,0.0488215488215488,0.0622895622895623,0.0353535353535354,0.0488215488215488,0.0151515151515152,0.0185185185185185,0.0740740740740741
"seq5099",0.10062893081761,0.0691823899371069,0.0188679245283019,0.0566037735849057,0.0125786163522013,0.0251572327044025,0.0283018867924528,0.113207547169811,0.0314465408805031,0.0283018867924528,0.106918238993711,0.0157232704402516,0.0188679245283019,0.0377358490566038,0.0534591194968553,0.106918238993711,0.0408805031446541,0.00628930817610063,0.0283018867924528,0.10062893081761
"seq5100",0.125418060200669,0.0752508361204013,0.0183946488294314,0.0769230769230769,0.00836120401337793,0.0702341137123746,0.0351170568561873,0.0919732441471572,0.0183946488294314,0.0451505016722408,0.0769230769230769,0.0334448160535117,0.0183946488294314,0.0501672240802676,0.0635451505016722,0.0418060200668896,0.0451505016722408,0.0117056856187291,0.0217391304347826,0.0719063545150502
"seq5101",0.0972568578553616,0.0723192019950125,0.0448877805486284,0.0623441396508728,0.00498753117206983,0.0174563591022444,0.029925187032419,0.117206982543641,0.027431421446384,0.0399002493765586,0.0798004987531172,0.0149625935162095,0.0124688279301746,0.0399002493765586,0.0773067331670823,0.0648379052369077,0.084788029925187,0.0174563591022444,0.0324189526184539,0.0623441396508728
"seq5102",0.0574074074074074,0.0555555555555556,0.0398148148148148,0.0638888888888889,0.012037037037037,0.0768518518518519,0.0324074074074074,0.0666666666666667,0.0175925925925926,0.0453703703703704,0.112962962962963,0.062962962962963,0.0203703703703704,0.0472222222222222,0.05,0.0842592592592593,0.0472222222222222,0.00833333333333333,0.0296296296296296,0.0694444444444444
"seq5103",0.0636182902584493,0.0497017892644135,0.0457256461232604,0.0815109343936382,0.0218687872763419,0.0576540755467197,0.0278330019880716,0.0854870775347912,0.0278330019880716,0.0755467196819085,0.0457256461232604,0.0695825049701789,0.0278330019880716,0.0417495029821074,0.0397614314115308,0.0457256461232604,0.0576540755467197,0.0198807157057654,0.0198807157057654,0.095427435387674
"seq5104",0.101834862385321,0.0403669724770642,0.0422018348623853,0.0871559633027523,0.00642201834862385,0.0422018348623853,0.0477064220183486,0.0761467889908257,0.0165137614678899,0.0357798165137615,0.0834862385321101,0.0412844036697248,0.0211009174311927,0.0284403669724771,0.0385321100917431,0.0935779816513762,0.0614678899082569,0.0165137614678899,0.036697247706422,0.0825688073394495
"seq5105",0.0727848101265823,0.0727848101265823,0.0411392405063291,0.0632911392405063,0.00316455696202532,0.104430379746835,0.0443037974683544,0.0474683544303797,0.0158227848101266,0.060126582278481,0.136075949367089,0.0253164556962025,0.0316455696202532,0.069620253164557,0.0348101265822785,0.060126582278481,0.0284810126582278,0.0126582278481013,0.0253164556962025,0.0506329113924051
