"","A","R","N","D","C","E","Q","G","H","I","L","K","M","F","P","S","T","W","Y","V"
"seq2501",0.127982646420824,0.0498915401301518,0.0433839479392625,0.0672451193058568,0.00650759219088937,0.0455531453362256,0.03470715835141,0.0997830802603037,0.0260303687635575,0.0498915401301518,0.0650759219088937,0.0498915401301518,0.03470715835141,0.0650759219088937,0.0477223427331887,0.0368763557483731,0.0542299349240781,0.0108459869848156,0.0368763557483731,0.0477223427331887
"seq2502",0.054380664652568,0.054380664652568,0.0382678751258812,0.0604229607250755,0.0221550855991944,0.081570996978852,0.0443101711983887,0.067472306143001,0.0281973816717019,0.0473313192346425,0.105740181268882,0.05337361530715,0.027190332326284,0.0463242698892246,0.0433031218529708,0.0735146022155086,0.0453172205438066,0.014098690835851,0.0342396777442095,0.0584088620342397
"seq2503",0.0630563798219585,0.0541543026706231,0.0433976261127596,0.0526706231454006,0.0367210682492582,0.0760385756676558,0.0463649851632047,0.0663946587537092,0.021513353115727,0.0304154302670623,0.0830860534124629,0.0845697329376855,0.017433234421365,0.0267062314540059,0.0775222551928783,0.102373887240356,0.0485905044510386,0.00853115727002967,0.0148367952522255,0.0456231454005935
"seq2504",0.0904977375565611,0.0497737556561086,0.0316742081447964,0.0678733031674208,0.00452488687782805,0.0723981900452489,0.0407239819004525,0.0497737556561086,0.0407239819004525,0.081447963800905,0.108597285067873,0.081447963800905,0.0316742081447964,0.0316742081447964,0.0361990950226244,0.0542986425339367,0.0316742081447964,0.0180995475113122,0.0316742081447964,0.0452488687782805
"seq2505",0.102941176470588,0.0808823529411765,0.00735294117647059,0.0955882352941176,0,0.0441176470588235,0.0367647058823529,0.0955882352941176,0.0147058823529412,0.0735294117647059,0.117647058823529,0.0367647058823529,0.0220588235294118,0.0147058823529412,0.0441176470588235,0.0367647058823529,0.0367647058823529,0,0.00735294117647059,0.132352941176471
"seq2506",0.0574018126888218,0.0392749244712991,0.0453172205438066,0.0634441087613293,0.0181268882175227,0.0725075528700906,0.0362537764350453,0.0694864048338369,0.0211480362537764,0.0785498489425982,0.0936555891238671,0.0876132930513595,0.027190332326284,0.0422960725075529,0.0211480362537764,0.0513595166163142,0.0362537764350453,0.00302114803625378,0.0362537764350453,0.0996978851963746
"seq2507",0.0714285714285714,0.0752895752895753,0.0231660231660232,0.028957528957529,0.0405405405405405,0.0733590733590734,0.0714285714285714,0.0694980694980695,0.0405405405405405,0.0328185328185328,0.108108108108108,0.0521235521235521,0.0173745173745174,0.0366795366795367,0.0521235521235521,0.0888030888030888,0.0405405405405405,0.00386100386100386,0.0308880308880309,0.0424710424710425
"seq2508",0.0675909878682842,0.0554592720970537,0.0415944540727903,0.0519930675909879,0.0207972270363951,0.0415944540727903,0.0277296360485269,0.0710571923743501,0.0207972270363951,0.0571923743500867,0.0814558058925477,0.0346620450606586,0.0173310225303293,0.0398613518197574,0.0502599653379549,0.105719237435009,0.0953206239168111,0.00693240901213172,0.0433275563258232,0.0693240901213172
"seq2509",0.0693240901213172,0.0554592720970537,0.0433275563258232,0.0502599653379549,0.0207972270363951,0.0415944540727903,0.0277296360485269,0.0710571923743501,0.0207972270363951,0.0571923743500867,0.0814558058925477,0.0346620450606586,0.0173310225303293,0.0398613518197574,0.0502599653379549,0.105719237435009,0.0935875216637782,0.00693240901213172,0.0433275563258232,0.0693240901213172
"seq2510",0.0601092896174863,0.0546448087431694,0.0382513661202186,0.0765027322404372,0,0.092896174863388,0.0327868852459016,0.0819672131147541,0.0109289617486339,0.0655737704918033,0.092896174863388,0.12568306010929,0.0273224043715847,0.0218579234972678,0.0437158469945355,0.0710382513661202,0.0327868852459016,0.0109289617486339,0.0109289617486339,0.0491803278688525
"seq2511",0.0798722044728434,0.060702875399361,0.0319488817891374,0.060702875399361,0.00638977635782748,0.0702875399361022,0.0638977635782748,0.0670926517571885,0.0223642172523962,0.0702875399361022,0.0926517571884984,0.0575079872204473,0.0255591054313099,0.0319488817891374,0.0255591054313099,0.060702875399361,0.0447284345047923,0.00319488817891374,0.0447284345047923,0.0798722044728434
"seq2512",0.0457572502685285,0.0526315789473684,0.0631578947368421,0.0870032223415682,0.0706766917293233,0.0530612244897959,0.0354457572502685,0.0723952738990333,0.0292158968850698,0.0537056928034372,0.0616541353383459,0.0352309344790548,0.0150375939849624,0.036734693877551,0.0496240601503759,0.0728249194414608,0.0552094522019334,0.0193340494092374,0.0354457572502685,0.0558539205155747
"seq2513",0.0700389105058366,0.0739299610894942,0.0155642023346304,0.0544747081712062,0.0233463035019455,0.0856031128404669,0.0583657587548638,0.0700389105058366,0.0350194552529183,0.0505836575875486,0.0933852140077821,0.0311284046692607,0.0311284046692607,0.0233463035019455,0.0544747081712062,0.0389105058365759,0.0311284046692607,0.0311284046692607,0.0466926070038911,0.0817120622568093
"seq2514",0.0679012345679012,0.0864197530864197,0.0123456790123457,0.0802469135802469,0.00617283950617284,0.0802469135802469,0.0185185185185185,0.0246913580246914,0.00617283950617284,0.0679012345679012,0.0925925925925926,0.0679012345679012,0.037037037037037,0.037037037037037,0.037037037037037,0.0679012345679012,0.0493827160493827,0.0123456790123457,0.037037037037037,0.111111111111111
"seq2515",0.0612903225806452,0.0354838709677419,0.0451612903225806,0.0516129032258065,0.00967741935483871,0.067741935483871,0.0483870967741935,0.0741935483870968,0.0387096774193548,0.0387096774193548,0.106451612903226,0.0645161290322581,0.0580645161290323,0.0225806451612903,0.0451612903225806,0.0516129032258065,0.0419354838709677,0.00967741935483871,0.0258064516129032,0.103225806451613
"seq2516",0.0564516129032258,0.0705645161290323,0.030241935483871,0.0625,0.00806451612903226,0.0766129032258065,0.0262096774193548,0.0745967741935484,0.0262096774193548,0.0584677419354839,0.127016129032258,0.0685483870967742,0.0201612903225806,0.0342741935483871,0.0564516129032258,0.0745967741935484,0.0584677419354839,0.00604838709677419,0.0282258064516129,0.0362903225806452
"seq2517",0.138709677419355,0.067741935483871,0.0161290322580645,0.0612903225806452,0.0032258064516129,0.0612903225806452,0.0225806451612903,0.0548387096774194,0.0193548387096774,0.0483870967741935,0.106451612903226,0.0419354838709677,0.0225806451612903,0.0387096774193548,0.0580645161290323,0.0612903225806452,0.0548387096774194,0.0032258064516129,0.0193548387096774,0.1
"seq2518",0.0780141843971631,0.0425531914893617,0.0212765957446809,0.0378250591016548,0.0378250591016548,0.0449172576832151,0.0189125295508274,0.0567375886524823,0.033096926713948,0.0567375886524823,0.125295508274232,0.0283687943262411,0.0141843971631206,0.0638297872340425,0.0614657210401891,0.0803782505910166,0.0709219858156028,0.0401891252955083,0.0212765957446809,0.066193853427896
"seq2519",0.0568181818181818,0.125,0.0227272727272727,0.0397727272727273,0,0.0681818181818182,0.0284090909090909,0.161931818181818,0.0255681818181818,0.0170454545454545,0.139204545454545,0.00568181818181818,0.00852272727272727,0.0340909090909091,0.0738636363636364,0.03125,0.0255681818181818,0.0142045454545455,0.0397727272727273,0.0823863636363636
"seq2520",0.0399002493765586,0.0473815461346633,0.0224438902743142,0.0498753117206983,0.0174563591022444,0.0473815461346633,0.029925187032419,0.0897755610972569,0.0224438902743142,0.0448877805486284,0.104738154613466,0.0374064837905237,0.0249376558603491,0.0498753117206983,0.057356608478803,0.0972568578553616,0.0773067331670823,0.0149625935162095,0.0399002493765586,0.084788029925187
"seq2521",0.0798722044728434,0.060702875399361,0.0319488817891374,0.0638977635782748,0.00319488817891374,0.0511182108626198,0.0159744408945687,0.134185303514377,0.0670926517571885,0.0415335463258786,0.0670926517571885,0.0319488817891374,0.0223642172523962,0.0287539936102236,0.0511182108626198,0.0415335463258786,0.0766773162939297,0.0159744408945687,0.0319488817891374,0.0830670926517572
"seq2522",0.084,0.028,0.036,0.06,0.028,0.016,0.052,0.096,0.012,0.06,0.092,0.036,0.004,0.036,0.088,0.072,0.044,0,0.076,0.08
"seq2523",0.0596330275229358,0.055045871559633,0.0206422018348624,0.055045871559633,0.0298165137614679,0.0642201834862385,0.0389908256880734,0.0825688073394495,0.0344036697247706,0.0412844036697248,0.0917431192660551,0.0596330275229358,0.055045871559633,0.0298165137614679,0.073394495412844,0.0825688073394495,0.0527522935779817,0.00458715596330275,0.0252293577981651,0.0435779816513761
"seq2524",0.0595533498759305,0.0645161290322581,0.0471464019851117,0.0272952853598015,0.0173697270471464,0.0769230769230769,0.0669975186104218,0.0471464019851117,0.0297766749379653,0.0347394540942928,0.106699751861042,0.0794044665012407,0.00992555831265509,0.032258064516129,0.0744416873449131,0.0818858560794045,0.0421836228287841,0.00992555831265509,0.0297766749379653,0.0620347394540943
"seq2525",0.0629829984544049,0.0556414219474498,0.0425038639876352,0.0517774343122102,0.0347758887171561,0.0780525502318393,0.044435857805255,0.0637557959814529,0.0220247295208655,0.0282071097372488,0.0830757341576507,0.0811437403400309,0.0146831530139104,0.026661514683153,0.079984544049459,0.108191653786708,0.0525502318392581,0.00734157650695518,0.0139103554868624,0.0482998454404946
"seq2526",0.0650636492220651,0.057991513437058,0.041018387553041,0.0466760961810467,0.00424328147100424,0.0452616690240453,0.0466760961810467,0.0608203677510608,0.0226308345120226,0.101838755304102,0.121640735502122,0.0495049504950495,0.0155586987270156,0.0495049504950495,0.0282885431400283,0.0693069306930693,0.0480905233380481,0.0127298444130127,0.0297029702970297,0.0834512022630834
"seq2527",0.0448833034111311,0.0466786355475763,0.0538599640933573,0.0718132854578097,0.0574506283662478,0.100538599640934,0.052064631956912,0.0789946140035907,0.0323159784560144,0.0377019748653501,0.0718132854578097,0.0646319569120287,0.0287253141831239,0.0287253141831239,0.0305206463195691,0.0448833034111311,0.0359066427289048,0.0215439856373429,0.0448833034111311,0.052064631956912
"seq2528",0.0566666666666667,0.0733333333333333,0.0233333333333333,0.1,0.0433333333333333,0.05,0.0266666666666667,0.05,0.0133333333333333,0.0366666666666667,0.06,0.0833333333333333,0.0133333333333333,0.0433333333333333,0.0766666666666667,0.11,0.0566666666666667,0.0133333333333333,0.02,0.05
"seq2529",0.063973063973064,0.0471380471380471,0.0707070707070707,0.0606060606060606,0.0235690235690236,0.107744107744108,0.0303030303030303,0.037037037037037,0.0168350168350168,0.0572390572390572,0.0841750841750842,0.0471380471380471,0.0269360269360269,0.0269360269360269,0.0707070707070707,0.0740740740740741,0.0437710437710438,0.0235690235690236,0.0235690235690236,0.063973063973064
"seq2530",0.116504854368932,0.0889967637540453,0.0258899676375405,0.0631067961165049,0.0355987055016181,0.0469255663430421,0.0469255663430421,0.0809061488673139,0.0258899676375405,0.0323624595469256,0.155339805825243,0.0145631067961165,0.00647249190938511,0.0307443365695793,0.0566343042071197,0.0501618122977346,0.040453074433657,0.00970873786407767,0.0242718446601942,0.0485436893203883
"seq2531",0.168,0.0613333333333333,0.0106666666666667,0.072,0.00533333333333333,0.048,0.0266666666666667,0.0906666666666667,0.0266666666666667,0.0426666666666667,0.0933333333333333,0.0106666666666667,0.0133333333333333,0.0186666666666667,0.0613333333333333,0.048,0.0426666666666667,0.00533333333333333,0.0346666666666667,0.12
"seq2532",0.101639344262295,0.0786885245901639,0.019672131147541,0.0918032786885246,0.0262295081967213,0.0262295081967213,0.0459016393442623,0.0983606557377049,0.039344262295082,0.0229508196721311,0.101639344262295,0.00655737704918033,0.00983606557377049,0.0327868852459016,0.0819672131147541,0.0557377049180328,0.0557377049180328,0.0327868852459016,0.0131147540983607,0.059016393442623
"seq2533",0.0910075839653304,0.0650054171180932,0.0162513542795233,0.0498374864572048,0.0314192849404117,0.0617551462621885,0.0639219934994583,0.0985915492957746,0.0205850487540628,0.0335861321776815,0.120260021668472,0.0173347778981582,0.0249187432286024,0.0357529794149512,0.0346695557963164,0.0693391115926327,0.0541711809317443,0.00541711809317443,0.00975081256771398,0.0964247020585049
"seq2534",0.0559006211180124,0.0496894409937888,0.0434782608695652,0.077639751552795,0.0279503105590062,0.062111801242236,0.0372670807453416,0.0434782608695652,0.0217391304347826,0.0590062111801242,0.102484472049689,0.0869565217391304,0.015527950310559,0.0527950310559006,0.0434782608695652,0.0527950310559006,0.0496894409937888,0.0093167701863354,0.0403726708074534,0.0683229813664596
"seq2535",0.0841423948220065,0.0355987055016181,0.0711974110032362,0.0614886731391586,0.0226537216828479,0.0711974110032362,0.0485436893203883,0.029126213592233,0.0323624595469256,0.0485436893203883,0.0647249190938511,0.12621359223301,0.0129449838187702,0.0194174757281553,0.0355987055016181,0.0711974110032362,0.058252427184466,0.00647249190938511,0.029126213592233,0.0711974110032362
"seq2536",0.0681114551083591,0.0526315789473684,0.0495356037151703,0.065015479876161,0.021671826625387,0.0619195046439628,0.0371517027863777,0.043343653250774,0.0309597523219814,0.043343653250774,0.108359133126935,0.0804953560371517,0.0185758513931889,0.0402476780185759,0.0557275541795666,0.0712074303405573,0.0278637770897833,0.00928792569659443,0.043343653250774,0.0712074303405573
"seq2537",0.0712074303405573,0.0526315789473684,0.0526315789473684,0.0557275541795666,0.0247678018575851,0.0712074303405573,0.0371517027863777,0.0464396284829721,0.0247678018575851,0.0464396284829721,0.111455108359133,0.0804953560371517,0.0123839009287926,0.0402476780185759,0.0588235294117647,0.0557275541795666,0.0247678018575851,0.00928792569659443,0.043343653250774,0.0804953560371517
"seq2538",0.0712074303405573,0.0464396284829721,0.0526315789473684,0.0557275541795666,0.021671826625387,0.0712074303405573,0.0340557275541796,0.0464396284829721,0.0309597523219814,0.0464396284829721,0.111455108359133,0.0804953560371517,0.0154798761609907,0.0402476780185759,0.0588235294117647,0.0588235294117647,0.021671826625387,0.00928792569659443,0.043343653250774,0.0835913312693498
"seq2539",0.0454545454545455,0.0590909090909091,0.0454545454545455,0.05,0.0181818181818182,0.0954545454545455,0.0181818181818182,0.0636363636363636,0.00909090909090909,0.0909090909090909,0.0590909090909091,0.118181818181818,0.0227272727272727,0.0409090909090909,0.0590909090909091,0.0545454545454545,0.0454545454545455,0.0136363636363636,0.0409090909090909,0.05
"seq2540",0.0296610169491525,0.0296610169491525,0.0550847457627119,0.0635593220338983,0.0169491525423729,0.0593220338983051,0.00847457627118644,0.0805084745762712,0.0127118644067797,0.114406779661017,0.114406779661017,0.0932203389830508,0.0211864406779661,0.0338983050847458,0.0169491525423729,0.0508474576271186,0.0974576271186441,0,0.0338983050847458,0.0677966101694915
"seq2541",0.036734693877551,0.0428571428571429,0.0530612244897959,0.0428571428571429,0.026530612244898,0.0653061224489796,0.0285714285714286,0.0571428571428571,0.0244897959183673,0.0693877551020408,0.118367346938776,0.0714285714285714,0.0285714285714286,0.0653061224489796,0.063265306122449,0.0653061224489796,0.0489795918367347,0.00612244897959184,0.0244897959183673,0.0612244897959184
"seq2542",0.0633802816901408,0.0492957746478873,0.0774647887323944,0.0352112676056338,0,0.0352112676056338,0.028169014084507,0.0985915492957746,0,0.0563380281690141,0.0704225352112676,0.0211267605633803,0.00704225352112676,0.00704225352112676,0.0704225352112676,0.119718309859155,0.0845070422535211,0.0422535211267606,0.0422535211267606,0.0915492957746479
"seq2543",0.0677200902934537,0.0406320541760722,0.0316027088036117,0.0654627539503386,0.0112866817155756,0.0857787810383747,0.0383747178329571,0.0744920993227991,0.0203160270880361,0.0699774266365688,0.110609480812641,0.0857787810383747,0.0135440180586907,0.0293453724604966,0.0519187358916479,0.0790067720090293,0.0519187358916479,0.0135440180586907,0.0270880361173815,0.0316027088036117
"seq2544",0.0717185385656292,0.0446549391069012,0.0446549391069012,0.0798376184032476,0.0040595399188092,0.0798376184032476,0.0717185385656292,0.0554803788903924,0.040595399188092,0.0392422192151556,0.0906630581867388,0.0514208389715832,0.027063599458728,0.0351826792963464,0.0568335588633288,0.0649526387009472,0.0514208389715832,0.0054127198917456,0.0284167794316644,0.0568335588633288
"seq2545",0.0628140703517588,0.0452261306532663,0.0577889447236181,0.0326633165829146,0.042713567839196,0.0251256281407035,0.0226130653266332,0.0452261306532663,0.0201005025125628,0.0879396984924623,0.0904522613065327,0.0301507537688442,0.0351758793969849,0.050251256281407,0.0577889447236181,0.0804020100502513,0.085427135678392,0.0175879396984925,0.0351758793969849,0.0753768844221105
"seq2546",0.0766283524904215,0.0689655172413793,0.0268199233716475,0.0881226053639847,0.0229885057471264,0.053639846743295,0.0383141762452107,0.0498084291187739,0.0306513409961686,0.0383141762452107,0.10727969348659,0.0459770114942529,0.0114942528735632,0.0498084291187739,0.0651340996168582,0.0804597701149425,0.0191570881226054,0.00766283524904215,0.0229885057471264,0.0957854406130268
"seq2547",0.04,0.04,0.0933333333333333,0.08,0.0133333333333333,0.0533333333333333,0,0.0933333333333333,0,0.0533333333333333,0.12,0.08,0.0266666666666667,0.0266666666666667,0.0133333333333333,0.08,0.0266666666666667,0,0.0666666666666667,0.0933333333333333
"seq2548",0.0417149478563152,0.0283893395133256,0.078215527230591,0.0480880648899189,0.015063731170336,0.0585168018539977,0.0504055619930475,0.0538818076477404,0.026071842410197,0.0689455388180765,0.0979142526071842,0.0677867902665122,0.018539976825029,0.0393974507531866,0.0382387022016222,0.0984936268829664,0.0695249130938586,0.0144843568945539,0.0237543453070684,0.0625724217844728
"seq2549",0.0919421487603306,0.0506198347107438,0.0351239669421488,0.0774793388429752,0.0134297520661157,0.0671487603305785,0.0433884297520661,0.0805785123966942,0.0175619834710744,0.0506198347107438,0.0950413223140496,0.0681818181818182,0.0247933884297521,0.0382231404958678,0.0361570247933884,0.0506198347107438,0.0537190082644628,0.00826446280991736,0.0268595041322314,0.0702479338842975
"seq2550",0.0655021834061135,0.0436681222707424,0.0305676855895196,0.0633187772925764,0.0327510917030568,0.0698689956331878,0.037117903930131,0.0502183406113537,0.0283842794759825,0.0480349344978166,0.11353711790393,0.074235807860262,0.0393013100436681,0.0218340611353712,0.0524017467248908,0.0938864628820961,0.0349344978165939,0.00436681222707424,0.0393013100436681,0.0567685589519651
"seq2551",0.0435347628330084,0.0220922677063028,0.0565302144249513,0.0760233918128655,0.0272904483430799,0.0727745289148798,0.0428849902534113,0.0584795321637427,0.0201429499675114,0.064327485380117,0.096816114359974,0.0656270305393112,0.0168940870695257,0.037037037037037,0.046133853151397,0.1137102014295,0.0565302144249513,0.0032488628979857,0.0194931773879142,0.0604288499025341
"seq2552",0.101694915254237,0.0474576271186441,0.0305084745762712,0.0406779661016949,0,0.0983050847457627,0.0169491525423729,0.0745762711864407,0.0203389830508475,0.0983050847457627,0.088135593220339,0.088135593220339,0.0305084745762712,0.0271186440677966,0.0474576271186441,0.0203389830508475,0.0440677966101695,0.00338983050847458,0.0406779661016949,0.0813559322033898
"seq2553",0.068159688412853,0.0311587147030185,0.0866601752677702,0.0457643622200584,0.0175267770204479,0.0340798442064265,0.065238558909445,0.113924050632911,0.0379746835443038,0.0321324245374878,0.0798442064264849,0.0340798442064265,0.0301850048685492,0.0272638753651412,0.0486854917234664,0.112950340798442,0.0691333982473223,0.00292112950340798,0.0175267770204479,0.0447906523855891
"seq2554",0.0518134715025907,0.077720207253886,0.0103626943005181,0.0362694300518135,0.0310880829015544,0.0984455958549223,0.0259067357512953,0.0259067357512953,0.0414507772020725,0.0466321243523316,0.077720207253886,0.0725388601036269,0.0310880829015544,0.0621761658031088,0.0673575129533679,0.077720207253886,0.0414507772020725,0.0155440414507772,0.0310880829015544,0.077720207253886
"seq2555",0.0303030303030303,0.0303030303030303,0.0606060606060606,0.0808080808080808,0,0.141414141414141,0.0101010101010101,0.0303030303030303,0.0202020202020202,0.0707070707070707,0.111111111111111,0.0909090909090909,0.0101010101010101,0.0707070707070707,0.0202020202020202,0.0606060606060606,0.0404040404040404,0.0101010101010101,0.0404040404040404,0.0707070707070707
"seq2556",0.04,0.042962962962963,0.0444444444444444,0.0459259259259259,0.0192592592592593,0.0725925925925926,0.0518518518518519,0.0488888888888889,0.0311111111111111,0.037037037037037,0.0874074074074074,0.0903703703703704,0.0251851851851852,0.0385185185185185,0.042962962962963,0.105185185185185,0.0355555555555556,0.0177777777777778,0.0548148148148148,0.0681481481481482
"seq2557",0.151515151515152,0.0858585858585859,0.0404040404040404,0.0656565656565657,0,0.101010101010101,0.0353535353535354,0.0656565656565657,0.0202020202020202,0.0101010101010101,0.146464646464646,0.0353535353535354,0.00505050505050505,0.0656565656565657,0.0404040404040404,0.0606060606060606,0.0202020202020202,0.0101010101010101,0.0101010101010101,0.0303030303030303
"seq2558",0.145539906103286,0.0657276995305164,0.00938967136150235,0.0892018779342723,0.0187793427230047,0.0328638497652582,0.0140845070422535,0.0563380281690141,0.0328638497652582,0.0422535211267606,0.0985915492957746,0.0140845070422535,0.0187793427230047,0.00938967136150235,0.112676056338028,0.0422535211267606,0.0516431924882629,0.0187793427230047,0.0187793427230047,0.107981220657277
"seq2559",0.0691244239631336,0.0341013824884793,0.0497695852534562,0.0433179723502304,0.0184331797235023,0.0792626728110599,0.0608294930875576,0.0506912442396313,0.032258064516129,0.0387096774193548,0.0940092165898617,0.0709677419354839,0.0313364055299539,0.0442396313364055,0.0608294930875576,0.0783410138248848,0.0451612903225806,0.0119815668202765,0.0276497695852535,0.0589861751152074
"seq2560",0.0337837837837838,0.0608108108108108,0.0743243243243243,0.0810810810810811,0.0135135135135135,0.0878378378378378,0.0540540540540541,0.0405405405405405,0.0472972972972973,0.0945945945945946,0.101351351351351,0.0472972972972973,0.027027027027027,0.027027027027027,0.0135135135135135,0.0743243243243243,0.0405405405405405,0.00675675675675676,0.0202702702702703,0.0540540540540541
"seq2561",0.132631578947368,0.0547368421052632,0.04,0.0610526315789474,0.0105263157894737,0.0631578947368421,0.0231578947368421,0.0905263157894737,0.0231578947368421,0.0757894736842105,0.0652631578947368,0.0421052631578947,0.0231578947368421,0.0294736842105263,0.04,0.0442105263157895,0.0673684210526316,0.0147368421052632,0.0273684210526316,0.071578947368421
"seq2562",0.0340909090909091,0.0303030303030303,0.0681818181818182,0.0568181818181818,0.0227272727272727,0.0681818181818182,0.053030303030303,0.0416666666666667,0.0378787878787879,0.121212121212121,0.0757575757575758,0.071969696969697,0.0151515151515152,0.0568181818181818,0.0303030303030303,0.0492424242424242,0.0568181818181818,0.00757575757575758,0.0492424242424242,0.053030303030303
"seq2563",0.0531914893617021,0.0638297872340425,0.0141843971631206,0.0531914893617021,0.00354609929078014,0.113475177304965,0.00354609929078014,0.0815602836879433,0.0106382978723404,0.0602836879432624,0.109929078014184,0.0815602836879433,0.0141843971631206,0.0638297872340425,0.0354609929078014,0.0815602836879433,0.0354609929078014,0.00354609929078014,0.024822695035461,0.0921985815602837
"seq2564",0.102040816326531,0.0524781341107872,0.032069970845481,0.0641399416909621,0.00291545189504373,0.0612244897959184,0.0408163265306122,0.0874635568513119,0.0233236151603499,0.0262390670553936,0.102040816326531,0.0583090379008746,0.032069970845481,0.0408163265306122,0.0670553935860058,0.0379008746355685,0.0408163265306122,0.0204081632653061,0.0408163265306122,0.0670553935860058
"seq2565",0.104859335038363,0.0664961636828645,0.030690537084399,0.0434782608695652,0.010230179028133,0.0741687979539642,0.0562659846547315,0.0588235294117647,0.020460358056266,0.0358056265984655,0.104859335038363,0.0281329923273657,0.0179028132992327,0.051150895140665,0.0690537084398977,0.0818414322250639,0.0588235294117647,0.0127877237851662,0.00767263427109974,0.0664961636828645
"seq2566",0.0310296191819464,0.0550070521861777,0.0888575458392102,0.0535966149506347,0.0126939351198872,0.0677009873060649,0.0479548660084626,0.0521861777150917,0.0183356840620592,0.0479548660084626,0.0832157968970381,0.080394922425952,0.0197461212976023,0.0310296191819464,0.0620592383638928,0.117066290550071,0.0606488011283498,0.00282087447108604,0.0282087447108604,0.0394922425952045
"seq2567",0.129943502824859,0.0734463276836158,0.0112994350282486,0.0734463276836158,0.0225988700564972,0.112994350282486,0.0112994350282486,0.0790960451977401,0.0169491525423729,0.0677966101694915,0.0847457627118644,0.0225988700564972,0.0169491525423729,0.0225988700564972,0.0508474576271186,0.0282485875706215,0.0395480225988701,0.0395480225988701,0.0395480225988701,0.0564971751412429
"seq2568",0.0911764705882353,0.0588235294117647,0.0470588235294118,0.0470588235294118,0.00882352941176471,0.0352941176470588,0.0323529411764706,0.0676470588235294,0.0441176470588235,0.0352941176470588,0.102941176470588,0.0558823529411765,0.0147058823529412,0.0529411764705882,0.0558823529411765,0.0588235294117647,0.0676470588235294,0.0176470588235294,0.0323529411764706,0.0735294117647059
"seq2569",0.1,0.0666666666666667,0.0208333333333333,0.0958333333333333,0.0166666666666667,0.0541666666666667,0.0791666666666667,0.0666666666666667,0.0458333333333333,0.0666666666666667,0.104166666666667,0.025,0.0125,0.0166666666666667,0.0208333333333333,0.05,0.05,0.0166666666666667,0.0166666666666667,0.075
"seq2570",0.0469798657718121,0.0380313199105145,0.0223713646532438,0.0425055928411633,0.00223713646532438,0.0939597315436242,0.00223713646532438,0.100671140939597,0.00894854586129754,0.0850111856823266,0.0894854586129754,0.0894854586129754,0.029082774049217,0.0469798657718121,0.0514541387024608,0.058165548098434,0.0357941834451902,0.00671140939597315,0.0738255033557047,0.0760626398210291
"seq2571",0.0326530612244898,0.0285714285714286,0.036734693877551,0.036734693877551,0.0163265306122449,0.0285714285714286,0.0408163265306122,0.16734693877551,0.0244897959183673,0.0285714285714286,0.110204081632653,0.0489795918367347,0.0244897959183673,0.036734693877551,0.122448979591837,0.0489795918367347,0.0489795918367347,0.00408163265306122,0.0408163265306122,0.073469387755102
"seq2572",0.0856031128404669,0.0311284046692607,0.0466926070038911,0.0408560311284047,0.00583657587548638,0.0291828793774319,0.0428015564202335,0.0894941634241245,0.00194552529182879,0.0603112840466926,0.132295719844358,0.0447470817120623,0.0311284046692607,0.066147859922179,0.0408560311284047,0.0466926070038911,0.075875486381323,0.0233463035019455,0.0447470817120623,0.0603112840466926
"seq2573",0.0651515151515152,0.053030303030303,0.0409090909090909,0.0681818181818182,0.0212121212121212,0.0757575757575758,0.0454545454545455,0.0560606060606061,0.0181818181818182,0.0696969696969697,0.107575757575758,0.0833333333333333,0.0257575757575758,0.0454545454545455,0.0303030303030303,0.0484848484848485,0.0409090909090909,0.00757575757575758,0.0333333333333333,0.0636363636363636
"seq2574",0.0705289672544081,0.0604534005037783,0.0881612090680101,0.0503778337531486,0.00755667506297229,0.0453400503778338,0.0478589420654912,0.0478589420654912,0.0125944584382872,0.0730478589420655,0.0856423173803526,0.0201511335012594,0.0302267002518892,0.0629722921914358,0.0503778337531486,0.0654911838790932,0.0780856423173804,0.0125944584382872,0.0277078085642317,0.0629722921914358
"seq2575",0.114068441064639,0.0456273764258555,0.0304182509505703,0.0532319391634981,0.00760456273764259,0.0874524714828897,0,0.11787072243346,0.0152091254752852,0.064638783269962,0.0798479087452472,0.0608365019011407,0.0304182509505703,0.0190114068441065,0.0304182509505703,0.0304182509505703,0.0456273764258555,0.0114068441064639,0.0380228136882129,0.11787072243346
"seq2576",0.0897435897435897,0.0493096646942801,0.0670611439842209,0.0522682445759369,0.0128205128205128,0.0542406311637081,0.0374753451676529,0.0848126232741617,0.0216962524654832,0.0394477317554241,0.0808678500986193,0.0522682445759369,0.0266272189349112,0.0355029585798817,0.0502958579881657,0.0562130177514793,0.0611439842209073,0.0266272189349112,0.0394477317554241,0.0621301775147929
"seq2577",0.104166666666667,0.0243055555555556,0.0451388888888889,0.0590277777777778,0.0138888888888889,0.0625,0.0451388888888889,0.100694444444444,0.0138888888888889,0.0486111111111111,0.107638888888889,0.0659722222222222,0.0381944444444444,0.0416666666666667,0.0347222222222222,0.03125,0.0659722222222222,0.00694444444444444,0.03125,0.0590277777777778
"seq2578",0.0738255033557047,0.0738255033557047,0.0335570469798658,0.0536912751677852,0.00671140939597315,0.0805369127516778,0.0604026845637584,0.0805369127516778,0.0201342281879195,0.0335570469798658,0.10738255033557,0.0335570469798658,0.0335570469798658,0.0536912751677852,0.0201342281879195,0.0671140939597315,0.0604026845637584,0.00671140939597315,0.0402684563758389,0.0604026845637584
"seq2579",0.143712574850299,0.0838323353293413,0.0179640718562874,0.0688622754491018,0,0.0958083832335329,0.0149700598802395,0.0718562874251497,0.0149700598802395,0.0658682634730539,0.110778443113772,0.0568862275449102,0.00898203592814371,0.0269461077844311,0.0269461077844311,0.029940119760479,0.0239520958083832,0.0149700598802395,0.0329341317365269,0.0898203592814371
"seq2580",0.0867579908675799,0.0228310502283105,0.0273972602739726,0.0707762557077626,0.0205479452054795,0.0570776255707763,0.0273972602739726,0.0753424657534247,0.0319634703196347,0.0730593607305936,0.0479452054794521,0.0821917808219178,0.0342465753424658,0.0502283105022831,0.04337899543379,0.0753424657534247,0.0388127853881279,0.0045662100456621,0.0251141552511416,0.105022831050228
"seq2581",0.13960113960114,0.0683760683760684,0.0113960113960114,0.0256410256410256,0.00284900284900285,0.0997150997150997,0.0170940170940171,0.0997150997150997,0.0142450142450142,0.0142450142450142,0.150997150997151,0.0427350427350427,0.0199430199430199,0.0341880341880342,0.0683760683760684,0.0341880341880342,0.0284900284900285,0.00854700854700855,0.0341880341880342,0.0854700854700855
"seq2582",0.0365853658536585,0.0792682926829268,0.0365853658536585,0.0731707317073171,0.00609756097560976,0.0914634146341463,0.0121951219512195,0.0914634146341463,0.00609756097560976,0.0731707317073171,0.115853658536585,0.0426829268292683,0.024390243902439,0.0121951219512195,0.0365853658536585,0.0365853658536585,0.0670731707317073,0.00609756097560976,0.0426829268292683,0.109756097560976
"seq2583",0.104575163398693,0.0065359477124183,0.0457516339869281,0.0326797385620915,0.0130718954248366,0.0784313725490196,0.0261437908496732,0.111111111111111,0.0326797385620915,0.0457516339869281,0.0457516339869281,0.0522875816993464,0.0196078431372549,0.0718954248366013,0.0522875816993464,0.0980392156862745,0.0588235294117647,0.0261437908496732,0.0457516339869281,0.0326797385620915
"seq2584",0.0538793103448276,0.0517241379310345,0.0344827586206897,0.0711206896551724,0.0129310344827586,0.0517241379310345,0.0517241379310345,0.0581896551724138,0.0474137931034483,0.0495689655172414,0.0862068965517241,0.084051724137931,0.0280172413793103,0.0366379310344828,0.0711206896551724,0.0603448275862069,0.0495689655172414,0.0129310344827586,0.0431034482758621,0.0452586206896552
"seq2585",0.0894308943089431,0.021680216802168,0.043360433604336,0.0704607046070461,0.00542005420054201,0.0731707317073171,0.043360433604336,0.0785907859078591,0.02710027100271,0.0975609756097561,0.0704607046070461,0.0785907859078591,0.021680216802168,0.029810298102981,0.032520325203252,0.032520325203252,0.0731707317073171,0.010840108401084,0.029810298102981,0.0704607046070461
"seq2586",0.043010752688172,0.0967741935483871,0.043010752688172,0.0752688172043011,0.010752688172043,0.150537634408602,0.010752688172043,0.032258064516129,0.010752688172043,0.010752688172043,0.118279569892473,0.0752688172043011,0.0537634408602151,0.0645161290322581,0.032258064516129,0.043010752688172,0.010752688172043,0.032258064516129,0.043010752688172,0.043010752688172
"seq2587",0.0764331210191083,0.0732484076433121,0.0191082802547771,0.0605095541401274,0,0.0923566878980892,0.0191082802547771,0.0636942675159236,0.0445859872611465,0.0382165605095541,0.0955414012738854,0.0414012738853503,0.035031847133758,0.054140127388535,0.0605095541401274,0.0222929936305732,0.054140127388535,0.00318471337579618,0.0477707006369427,0.0987261146496815
"seq2588",0.0905172413793103,0.0862068965517241,0.0301724137931034,0.0732758620689655,0.0172413793103448,0.0603448275862069,0.0344827586206897,0.0732758620689655,0.0172413793103448,0.0301724137931034,0.116379310344828,0.0301724137931034,0.0129310344827586,0.0517241379310345,0.0344827586206897,0.0646551724137931,0.0517241379310345,0.021551724137931,0.0344827586206897,0.0689655172413793
"seq2589",0.0424929178470255,0.0368271954674221,0.0368271954674221,0.0509915014164306,0.0453257790368272,0.121813031161473,0.0764872521246459,0.0509915014164306,0.0254957507082153,0.0708215297450425,0.0906515580736544,0.0708215297450425,0.0254957507082153,0.0368271954674221,0.0311614730878187,0.0651558073654391,0.0538243626062323,0.0028328611898017,0.0198300283286119,0.0453257790368272
"seq2590",0.0351239669421488,0.0268595041322314,0.113636363636364,0.0640495867768595,0.0185950413223141,0.0619834710743802,0.0268595041322314,0.0599173553719008,0.0206611570247934,0.0661157024793388,0.0805785123966942,0.0991735537190083,0.0227272727272727,0.0640495867768595,0.0289256198347107,0.0764462809917355,0.0206611570247934,0.00826446280991736,0.0557851239669422,0.0495867768595041
"seq2591",0.0958408679927667,0.0433996383363472,0.0506329113924051,0.112115732368897,0.00180831826401447,0.0470162748643761,0.0343580470162749,0.146473779385172,0.0144665461121157,0.0452079566003617,0.0777576853526221,0.0144665461121157,0.0144665461121157,0.0307414104882459,0.0216998191681736,0.0687160940325497,0.0705244122965642,0.00180831826401447,0.0397830018083183,0.0687160940325497
"seq2592",0.0637931034482759,0.0913793103448276,0.0206896551724138,0.0603448275862069,0.0137931034482759,0.101724137931034,0.0482758620689655,0.0362068965517241,0.0275862068965517,0.0396551724137931,0.101724137931034,0.0637931034482759,0.0293103448275862,0.0172413793103448,0.0741379310344828,0.0948275862068965,0.0448275862068966,0.00517241379310345,0.0241379310344828,0.0413793103448276
"seq2593",0.0406539991162174,0.0463985859478568,0.0618647812638091,0.0614228899690676,0.0181175430844012,0.069818824569156,0.0309323906319046,0.0371188687582855,0.0225364560318162,0.0883782589482987,0.0941228457799381,0.0830755634114008,0.034909412284578,0.0508174988952718,0.032258064516129,0.0751215201060539,0.0547945205479452,0.00972160848431286,0.0437472381794079,0.0441891294741494
"seq2594",0.0981735159817352,0.0502283105022831,0.0365296803652968,0.0570776255707763,0.0159817351598174,0.045662100456621,0.0410958904109589,0.102739726027397,0.0182648401826484,0.0776255707762557,0.100456621004566,0.045662100456621,0.0296803652968037,0.0228310502283105,0.0547945205479452,0.0525114155251142,0.0593607305936073,0,0.0159817351598174,0.0753424657534247
"seq2595",0.224409448818898,0.0748031496062992,0.0196850393700787,0.047244094488189,0.0118110236220472,0.0551181102362205,0.015748031496063,0.0905511811023622,0.0078740157480315,0.0433070866141732,0.0748031496062992,0.0078740157480315,0.0433070866141732,0.0275590551181102,0.0275590551181102,0.0511811023622047,0.0551181102362205,0.0196850393700787,0.0196850393700787,0.0826771653543307
"seq2596",0.0810810810810811,0.0368550368550369,0.0343980343980344,0.0466830466830467,0.00245700245700246,0.0958230958230958,0.0171990171990172,0.0884520884520884,0.00737100737100737,0.0835380835380835,0.113022113022113,0.0982800982800983,0.0319410319410319,0.0343980343980344,0.0540540540540541,0.0343980343980344,0.0343980343980344,0.00491400491400491,0.0393120393120393,0.0614250614250614
"seq2597",0.139269406392694,0.0593607305936073,0.0182648401826484,0.0251141552511416,0,0.0981735159817352,0.0296803652968037,0.0936073059360731,0.0273972602739726,0.0205479452054795,0.146118721461187,0.0319634703196347,0.0205479452054795,0.0410958904109589,0.0753424657534247,0.0251141552511416,0.04337899543379,0.00228310502283105,0.0251141552511416,0.0776255707762557
"seq2598",0.0789473684210526,0.048582995951417,0.0465587044534413,0.0748987854251012,0.0101214574898785,0.0829959514170041,0.034412955465587,0.0546558704453441,0.0202429149797571,0.0546558704453441,0.0910931174089069,0.0668016194331984,0.0263157894736842,0.0425101214574899,0.0303643724696356,0.0404858299595142,0.0647773279352227,0.01417004048583,0.0506072874493927,0.0668016194331984
"seq2599",0.0649350649350649,0.0357142857142857,0.0616883116883117,0.0779220779220779,0.00324675324675325,0.0584415584415584,0.051948051948052,0.0584415584415584,0.0422077922077922,0.0746753246753247,0.100649350649351,0.0909090909090909,0.0292207792207792,0.0194805194805195,0.0324675324675325,0.051948051948052,0.0584415584415584,0.00324675324675325,0.0357142857142857,0.0487012987012987
"seq2600",0.0859140859140859,0.04995004995005,0.035964035964036,0.051948051948052,0.023976023976024,0.0799200799200799,0.022977022977023,0.0669330669330669,0.011988011988012,0.0719280719280719,0.0929070929070929,0.0539460539460539,0.032967032967033,0.036963036963037,0.045954045954046,0.0569430569430569,0.0619380619380619,0.012987012987013,0.021978021978022,0.0819180819180819
"seq2601",0.0866062437059416,0.0483383685800604,0.0362537764350453,0.0513595166163142,0.0231621349446123,0.0765357502517623,0.0231621349446123,0.0694864048338369,0.0120845921450151,0.0694864048338369,0.094662638469285,0.05337361530715,0.0312185297079557,0.0362537764350453,0.0453172205438066,0.0523665659617321,0.0654582074521652,0.013091641490433,0.0231621349446123,0.0886203423967774
"seq2602",0.0636991557943208,0.0721412125863392,0.022256331542594,0.0706062931696086,0.00844205679201842,0.0782808902532617,0.0360706062931696,0.120491174213354,0.0283960092095165,0.012279355333845,0.0552570990023024,0.056792018419033,0.0299309286262471,0.0214888718342287,0.145049884881044,0.089025326170376,0.0391404451266309,0.00230237912509593,0.0276285495011512,0.0207214121258634
"seq2603",0.0499445061043285,0.0477247502774695,0.0521642619311876,0.0610432852386237,0.0277469478357381,0.0688124306326304,0.0410654827968923,0.0688124306326304,0.0188679245283019,0.0621531631520533,0.0788013318534961,0.051054384017758,0.0144284128745838,0.0332963374028857,0.0499445061043285,0.0677025527192009,0.0943396226415094,0.00776914539400666,0.0321864594894562,0.072142064372919
"seq2604",0.0833333333333333,0.111111111111111,0,0.0388888888888889,0.0277777777777778,0.0833333333333333,0.0388888888888889,0.0888888888888889,0.0222222222222222,0.00555555555555556,0.111111111111111,0.0111111111111111,0.0111111111111111,0.0333333333333333,0.144444444444444,0.0666666666666667,0.0444444444444444,0.0277777777777778,0.00555555555555556,0.0444444444444444
"seq2605",0.111111111111111,0.0498084291187739,0.0383141762452107,0.0574712643678161,0.0229885057471264,0.0459770114942529,0.0574712643678161,0.0842911877394636,0.00383141762452107,0.00766283524904215,0.172413793103448,0.0459770114942529,0.0229885057471264,0.0191570881226054,0.0421455938697318,0.0804597701149425,0.0383141762452107,0.00766283524904215,0.0229885057471264,0.0689655172413793
