"","A","R","N","D","C","E","Q","G","H","I","L","K","M","F","P","S","T","W","Y","V"
"seq7001",0.0602910602910603,0.0228690228690229,0.0291060291060291,0.0727650727650728,0.0103950103950104,0.0561330561330561,0.0332640332640333,0.079002079002079,0.0187110187110187,0.0623700623700624,0.0914760914760915,0.0831600831600832,0.0249480249480249,0.0478170478170478,0.0540540540540541,0.0914760914760915,0.051975051975052,0.0103950103950104,0.0311850311850312,0.0686070686070686
"seq7002",0.114470842332613,0.0367170626349892,0.0215982721382289,0.0259179265658747,0.0107991360691145,0.0151187904967603,0.0345572354211663,0.103671706263499,0.00647948164146868,0.0669546436285097,0.110151187904968,0.0302375809935205,0.0345572354211663,0.0971922246220302,0.0431965442764579,0.0863930885529158,0.0539956803455724,0.0237580993520518,0.0151187904967603,0.0691144708423326
"seq7003",0.0740740740740741,0.0617283950617284,0,0.0493827160493827,0.111111111111111,0.0493827160493827,0.0246913580246914,0.0617283950617284,0.0246913580246914,0.0493827160493827,0.0493827160493827,0.0493827160493827,0.037037037037037,0.0123456790123457,0.0493827160493827,0.0740740740740741,0.0864197530864197,0.0246913580246914,0.037037037037037,0.0740740740740741
"seq7004",0.0537634408602151,0.0537634408602151,0.0698924731182796,0.0483870967741935,0.021505376344086,0.0591397849462366,0.0483870967741935,0.0537634408602151,0.0161290322580645,0.043010752688172,0.0591397849462366,0.043010752688172,0.0483870967741935,0.043010752688172,0.0645161290322581,0.0537634408602151,0.0752688172043011,0.00537634408602151,0.0645161290322581,0.0752688172043011
"seq7005",0.0558912386706949,0.0830815709969789,0.0362537764350453,0.0725075528700906,0.0105740181268882,0.0619335347432024,0.0302114803625378,0.114803625377644,0.0211480362537764,0.0468277945619335,0.0709969788519638,0.0483383685800604,0.0211480362537764,0.0468277945619335,0.0362537764350453,0.113293051359517,0.0362537764350453,0.0105740181268882,0.0362537764350453,0.0468277945619335
"seq7006",0.0745156482861401,0.0193740685543964,0.0432190760059613,0.0491803278688525,0.0014903129657228,0.0476900149031297,0.0178837555886736,0.03725782414307,0.0104321907600596,0.0849478390461997,0.0536512667660209,0.0581222056631893,0.0134128166915052,0.022354694485842,0.12220566318927,0.117734724292101,0.113263785394933,0.00596125186289121,0.0402384500745156,0.0670640834575261
"seq7007",0.106796116504854,0.0776699029126214,0.029126213592233,0.0194174757281553,0,0.106796116504854,0.0194174757281553,0.087378640776699,0.0194174757281553,0.0776699029126214,0.0388349514563107,0.0194174757281553,0.029126213592233,0.0194174757281553,0.029126213592233,0.0679611650485437,0.058252427184466,0,0.0388349514563107,0.155339805825243
"seq7008",0.118466898954704,0.024390243902439,0.0522648083623693,0.0313588850174216,0,0.0731707317073171,0.0418118466898955,0.0662020905923345,0.0313588850174216,0.0696864111498258,0.0940766550522648,0.0592334494773519,0.00696864111498258,0.0348432055749129,0.0348432055749129,0.0662020905923345,0.0696864111498258,0.00348432055749129,0.0313588850174216,0.0905923344947735
"seq7009",0.119453924914676,0.0648464163822526,0.0102389078498294,0.0750853242320819,0.0102389078498294,0.0409556313993174,0.037542662116041,0.0887372013651877,0.0409556313993174,0.0477815699658703,0.0887372013651877,0.0238907849829352,0.0341296928327645,0.0546075085324232,0.0546075085324232,0.0477815699658703,0.0511945392491468,0.0170648464163823,0.0273037542662116,0.0648464163822526
"seq7010",0.103305785123967,0.0413223140495868,0.0702479338842975,0.0495867768595041,0.012396694214876,0.0227272727272727,0.0309917355371901,0.0971074380165289,0.0165289256198347,0.0351239669421488,0.0826446280991736,0.0289256198347107,0.0165289256198347,0.0413223140495868,0.0619834710743802,0.0619834710743802,0.101239669421488,0.0371900826446281,0.0268595041322314,0.0619834710743802
"seq7011",0.0769230769230769,0.0501672240802676,0.0384615384615385,0.0602006688963211,0.0183946488294314,0.0719063545150502,0.0418060200668896,0.0451505016722408,0.0367892976588629,0.068561872909699,0.117056856187291,0.0535117056856187,0.020066889632107,0.0535117056856187,0.0367892976588629,0.0551839464882943,0.0418060200668896,0.0183946488294314,0.0501672240802676,0.0451505016722408
"seq7012",0.108294930875576,0.0460829493087558,0.0391705069124424,0.0668202764976959,0.00230414746543779,0.0875576036866359,0.0253456221198157,0.1036866359447,0.00921658986175115,0.0783410138248848,0.0714285714285714,0.0552995391705069,0.0184331797235023,0.0368663594470046,0.0276497695852535,0.0483870967741935,0.0622119815668203,0.00460829493087558,0.043778801843318,0.0645161290322581
"seq7013",0.0569620253164557,0.060126582278481,0.0443037974683544,0.060126582278481,0,0.0664556962025316,0.0379746835443038,0.0411392405063291,0.0284810126582278,0.0632911392405063,0.123417721518987,0.0569620253164557,0.0221518987341772,0.0411392405063291,0.0506329113924051,0.0664556962025316,0.0537974683544304,0.0158227848101266,0.0379746835443038,0.0727848101265823
"seq7014",0.0455531453362256,0.0281995661605206,0.0672451193058568,0.0585683297180043,0.0780911062906725,0.0607375271149675,0.0325379609544469,0.0629067245119306,0.0325379609544469,0.052060737527115,0.0889370932754881,0.0780911062906725,0.0108459869848156,0.0498915401301518,0.0498915401301518,0.052060737527115,0.0455531453362256,0.017353579175705,0.0238611713665944,0.0650759219088937
"seq7015",0.0484210526315789,0.0231578947368421,0.0336842105263158,0.0273684210526316,0,0.0189473684210526,0.00631578947368421,0.0505263157894737,0.0147368421052632,0.141052631578947,0.124210526315789,0.0610526315789474,0.0189473684210526,0.115789473684211,0.0336842105263158,0.107368421052632,0.0631578947368421,0.00631578947368421,0.0568421052631579,0.0484210526315789
"seq7016",0.0731707317073171,0.0487804878048781,0.0292682926829268,0.0634146341463415,0.024390243902439,0.0487804878048781,0.0390243902439024,0.0731707317073171,0.00975609756097561,0.0682926829268293,0.0829268292682927,0.0585365853658537,0.0731707317073171,0.0439024390243902,0.0439024390243902,0.0390243902439024,0.0682926829268293,0.0048780487804878,0.0390243902439024,0.0682926829268293
"seq7017",0.0294117647058824,0.0384615384615385,0.0769230769230769,0.0271493212669683,0.0384615384615385,0.0656108597285068,0.0407239819004525,0.083710407239819,0.00678733031674208,0.0769230769230769,0.0927601809954751,0.0429864253393665,0.0203619909502262,0.0497737556561086,0.0497737556561086,0.0950226244343891,0.0791855203619909,0.0248868778280543,0.0226244343891403,0.0384615384615385
"seq7018",0.0387596899224806,0.0155038759689922,0.0775193798449612,0.0310077519379845,0.00775193798449612,0.062015503875969,0.00775193798449612,0.0542635658914729,0.0155038759689922,0.10077519379845,0.108527131782946,0.108527131782946,0.0232558139534884,0.0465116279069767,0.0310077519379845,0.062015503875969,0.0697674418604651,0.00775193798449612,0.0232558139534884,0.108527131782946
"seq7019",0.0566037735849057,0.0452830188679245,0.0377358490566038,0.0490566037735849,0.0377358490566038,0.120754716981132,0.00377358490566038,0.0452830188679245,0.0113207547169811,0.10188679245283,0.120754716981132,0.0830188679245283,0.0150943396226415,0.0226415094339623,0.0490566037735849,0.060377358490566,0.0226415094339623,0.00377358490566038,0.0490566037735849,0.0641509433962264
"seq7020",0.0490566037735849,0.0490566037735849,0.0415094339622641,0.0452830188679245,0.0377358490566038,0.124528301886792,0.00377358490566038,0.0377358490566038,0.0113207547169811,0.0981132075471698,0.105660377358491,0.0754716981132075,0.0188679245283019,0.0264150943396226,0.0528301886792453,0.0679245283018868,0.0226415094339623,0.00377358490566038,0.0490566037735849,0.0792452830188679
"seq7021",0.053864168618267,0.0655737704918033,0.0515222482435597,0.0679156908665105,0.00936768149882904,0.0889929742388759,0.0351288056206089,0.0398126463700234,0.0304449648711944,0.053864168618267,0.0936768149882904,0.0491803278688525,0.0398126463700234,0.0468384074941452,0.0398126463700234,0.0562060889929742,0.0421545667447307,0.0304449648711944,0.0234192037470726,0.0819672131147541
"seq7022",0.110074626865672,0.0615671641791045,0.0317164179104478,0.0503731343283582,0.0167910447761194,0.0671641791044776,0.0559701492537313,0.0671641791044776,0.0223880597014925,0.0503731343283582,0.111940298507463,0.0298507462686567,0.0130597014925373,0.0354477611940298,0.0541044776119403,0.0634328358208955,0.0466417910447761,0.00932835820895522,0.0373134328358209,0.0652985074626866
"seq7023",0.111498257839721,0.0766550522648084,0.024390243902439,0.0435540069686411,0.0121951219512195,0.0662020905923345,0.0400696864111498,0.0871080139372822,0.0174216027874564,0.0714285714285714,0.0836236933797909,0.0348432055749129,0.0209059233449477,0.029616724738676,0.0487804878048781,0.0679442508710801,0.0418118466898955,0.00696864111498258,0.0156794425087108,0.0993031358885017
"seq7024",0.103658536585366,0.00609756097560976,0.0670731707317073,0.0609756097560976,0.0365853658536585,0.0853658536585366,0.0304878048780488,0.0670731707317073,0.0304878048780488,0.0609756097560976,0.0853658536585366,0.0792682926829268,0.0609756097560976,0.0304878048780488,0.0182926829268293,0.0426829268292683,0.0487804878048781,0.0182926829268293,0.0121951219512195,0.0548780487804878
"seq7025",0.101398601398601,0.0664335664335664,0.027972027972028,0.0559440559440559,0.0104895104895105,0.0664335664335664,0.027972027972028,0.0699300699300699,0.0244755244755245,0.0594405594405594,0.115384615384615,0.0454545454545455,0.0314685314685315,0.034965034965035,0.048951048951049,0.0594405594405594,0.0734265734265734,0.013986013986014,0.013986013986014,0.0524475524475524
"seq7026",0.101398601398601,0.0664335664335664,0.027972027972028,0.0559440559440559,0.0104895104895105,0.0699300699300699,0.0314685314685315,0.0734265734265734,0.0244755244755245,0.0594405594405594,0.115384615384615,0.0384615384615385,0.034965034965035,0.034965034965035,0.048951048951049,0.0559440559440559,0.0699300699300699,0.013986013986014,0.013986013986014,0.0524475524475524
"seq7027",0.189504373177843,0.0670553935860058,0.0087463556851312,0.0495626822157434,0.0116618075801749,0.0874635568513119,0.0233236151603499,0.0699708454810496,0.0262390670553936,0.043731778425656,0.0583090379008746,0.0408163265306122,0.0174927113702624,0.032069970845481,0.075801749271137,0.0583090379008746,0.0408163265306122,0.0116618075801749,0.0087463556851312,0.0787172011661808
"seq7028",0.0636942675159236,0.0636942675159236,0.0382165605095541,0.0636942675159236,0,0.0955414012738854,0.0573248407643312,0.0764331210191083,0.00636942675159236,0.0573248407643312,0.0700636942675159,0.0700636942675159,0.0382165605095541,0.0955414012738854,0.0318471337579618,0.0382165605095541,0.0828025477707006,0,0.0191082802547771,0.0318471337579618
"seq7029",0.0882352941176471,0.0147058823529412,0.0294117647058824,0.0294117647058824,0,0.0882352941176471,0.0147058823529412,0.102941176470588,0,0.0882352941176471,0.102941176470588,0.102941176470588,0.0294117647058824,0,0,0.0882352941176471,0.0588235294117647,0,0,0.161764705882353
"seq7030",0.136585365853659,0.00975609756097561,0.0292682926829268,0.0829268292682927,0,0.0146341463414634,0.0390243902439024,0.121951219512195,0.0292682926829268,0.0341463414634146,0.0975609756097561,0.0195121951219512,0.00975609756097561,0.0341463414634146,0.0390243902439024,0.121951219512195,0.0585365853658537,0.0146341463414634,0.0390243902439024,0.0682926829268293
"seq7031",0.0953307392996109,0.0291828793774319,0.0642023346303502,0.0680933852140078,0.0214007782101167,0.0428015564202335,0.0447470817120623,0.0797665369649805,0.0350194552529183,0.0583657587548638,0.0700389105058366,0.0447470817120623,0.0155642023346304,0.0330739299610895,0.0350194552529183,0.0933852140077821,0.0642023346303502,0.0252918287937743,0.0175097276264591,0.0622568093385214
"seq7032",0.0671140939597315,0.0268456375838926,0.087248322147651,0.0402684563758389,0,0.0335570469798658,0.0604026845637584,0.0738255033557047,0.0201342281879195,0.0671140939597315,0.0939597315436242,0.0134228187919463,0.0134228187919463,0.0134228187919463,0.0671140939597315,0.087248322147651,0.10738255033557,0.0134228187919463,0.0335570469798658,0.0805369127516778
"seq7033",0.077634011090573,0.0499075785582255,0.0517560073937153,0.0480591497227357,0.0129390018484288,0.066543438077634,0.0388170055452865,0.066543438077634,0.022181146025878,0.0702402957486137,0.0979667282809612,0.044362292051756,0.0351201478743068,0.0295748613678373,0.0314232902033272,0.088724584103512,0.0683918669131238,0.00369685767097967,0.0240295748613678,0.0720887245841035
"seq7034",0.0534351145038168,0.0152671755725191,0.0534351145038168,0.106870229007634,0.00763358778625954,0.202290076335878,0.0267175572519084,0.0648854961832061,0,0.0572519083969466,0.0725190839694656,0.049618320610687,0.0152671755725191,0.0343511450381679,0.0572519083969466,0.0572519083969466,0.0267175572519084,0.0114503816793893,0.0229007633587786,0.0648854961832061
"seq7035",0.0802005012531328,0.0350877192982456,0.050125313283208,0.0576441102756892,0.0050125313283208,0.0952380952380952,0.025062656641604,0.0902255639097744,0.0100250626566416,0.0551378446115288,0.110275689223058,0.0676691729323308,0.0175438596491228,0.0451127819548872,0.0200501253132832,0.0551378446115288,0.0576441102756892,0.0025062656641604,0.037593984962406,0.0827067669172932
"seq7036",0.12565445026178,0.081151832460733,0.0209424083769634,0.0471204188481675,0.0130890052356021,0.0732984293193717,0.0287958115183246,0.12303664921466,0.0209424083769634,0.0471204188481675,0.0732984293193717,0.0235602094240838,0.0209424083769634,0.0261780104712042,0.031413612565445,0.0418848167539267,0.0732984293193717,0.0130890052356021,0.0287958115183246,0.0863874345549738
"seq7037",0.0658135283363803,0.056672760511883,0.0438756855575868,0.0493601462522852,0.00731261425959781,0.0548446069469835,0.0712979890310786,0.056672760511883,0.0219378427787934,0.102376599634369,0.115173674588665,0.0402193784277879,0.0237659963436929,0.0383912248628885,0.0292504570383912,0.0859232175502742,0.0402193784277879,0.0109689213893967,0.0310786106032907,0.0548446069469835
"seq7038",0.0936329588014981,0.052434456928839,0.0224719101123595,0.0711610486891386,0.0149812734082397,0.0636704119850187,0.0299625468164794,0.101123595505618,0.0149812734082397,0.052434456928839,0.0973782771535581,0.0823970037453183,0.0224719101123595,0.0299625468164794,0.0262172284644195,0.0449438202247191,0.0636704119850187,0.0112359550561798,0.0337078651685393,0.0711610486891386
"seq7039",0.0871670702179177,0.0484261501210654,0.0411622276029056,0.0532687651331719,0.00968523002421308,0.0387409200968523,0.026634382566586,0.101694915254237,0.0145278450363196,0.062953995157385,0.099273607748184,0.0605326876513317,0.0242130750605327,0.0435835351089588,0.0556900726392252,0.062953995157385,0.0581113801452785,0.0121065375302663,0.0121065375302663,0.0871670702179177
"seq7040",0.0719602977667494,0.0421836228287841,0.0347394540942928,0.0843672456575682,0.0148883374689826,0.0694789081885856,0.0198511166253102,0.0719602977667494,0.0272952853598015,0.086848635235732,0.0818858560794045,0.0769230769230769,0.0198511166253102,0.032258064516129,0.0272952853598015,0.0570719602977667,0.0521091811414392,0.0148883374689826,0.0297766749379653,0.0843672456575682
"seq7041",0.15,0.0681818181818182,0.0409090909090909,0.0227272727272727,0,0.0636363636363636,0.0636363636363636,0.0772727272727273,0.0136363636363636,0.0318181818181818,0.0863636363636364,0.0454545454545455,0.00454545454545455,0.05,0.0318181818181818,0.0772727272727273,0.0363636363636364,0.00909090909090909,0.0454545454545455,0.0818181818181818
"seq7042",0.099437148217636,0.0637898686679174,0.0412757973733583,0.0656660412757974,0.00562851782363977,0.0675422138836773,0.0356472795497186,0.0656660412757974,0.0112570356472795,0.050656660412758,0.120075046904315,0.0431519699812383,0.0281425891181989,0.0469043151969981,0.0469043151969981,0.0656660412757974,0.0356472795497186,0.00562851782363977,0.0450281425891182,0.0562851782363977
"seq7043",0.0837004405286344,0.0748898678414097,0.0440528634361234,0.039647577092511,0,0.0352422907488987,0.066079295154185,0.0969162995594714,0.0220264317180617,0.0616740088105727,0.0616740088105727,0.00881057268722467,0.026431718061674,0.039647577092511,0.092511013215859,0.092511013215859,0.066079295154185,0.00881057268722467,0.0352422907488987,0.0440528634361234
"seq7044",0.0685279187817259,0.0583756345177665,0.0177664974619289,0.0609137055837563,0.00761421319796954,0.0939086294416244,0.0203045685279188,0.104060913705584,0.0279187817258883,0.0736040609137056,0.0710659898477157,0.0583756345177665,0.0279187817258883,0.0355329949238579,0.050761421319797,0.0253807106598985,0.0761421319796954,0.00253807106598985,0.0253807106598985,0.0939086294416244
"seq7045",0.0690789473684211,0.0427631578947368,0.0592105263157895,0.0625,0.0230263157894737,0.0953947368421053,0.0197368421052632,0.0625,0.0197368421052632,0.0427631578947368,0.0855263157894737,0.0690789473684211,0.0197368421052632,0.0263157894736842,0.0460526315789474,0.0690789473684211,0.0592105263157895,0.0131578947368421,0.0493421052631579,0.0657894736842105
"seq7046",0.0423280423280423,0.0423280423280423,0.0291005291005291,0.044973544973545,0.0211640211640212,0.0529100529100529,0.0291005291005291,0.0502645502645503,0.0158730158730159,0.037037037037037,0.103174603174603,0.0423280423280423,0.0343915343915344,0.0211640211640212,0.0661375661375661,0.108465608465608,0.150793650793651,0.0238095238095238,0.0185185185185185,0.0661375661375661
"seq7047",0.135231316725979,0.0284697508896797,0.0320284697508897,0.0249110320284698,0.0142348754448399,0.0249110320284698,0.0213523131672598,0.106761565836299,0.0249110320284698,0.0747330960854092,0.0854092526690391,0.0391459074733096,0.0177935943060498,0.0711743772241993,0.0498220640569395,0.0533807829181495,0.0498220640569395,0.0213523131672598,0.0320284697508897,0.0925266903914591
"seq7048",0.0650887573964497,0.0366863905325444,0.0568047337278106,0.063905325443787,0.00591715976331361,0.0781065088757396,0.0236686390532544,0.0863905325443787,0.0153846153846154,0.0532544378698225,0.085207100591716,0.0804733727810651,0.0130177514792899,0.0485207100591716,0.0378698224852071,0.0710059171597633,0.0485207100591716,0.0130177514792899,0.0355029585798817,0.0816568047337278
"seq7049",0.0965583173996176,0.0363288718929254,0.0334608030592734,0.0382409177820268,0.00286806883365201,0.0478011472275335,0.0535372848948375,0.0869980879541109,0.00860420650095602,0.0630975143403442,0.0994263862332696,0.0382409177820268,0.0353728489483748,0.0506692160611855,0.0487571701720841,0.0764818355640535,0.0487571701720841,0.0105162523900574,0.0248565965583174,0.0994263862332696
"seq7050",0.0736543909348442,0.0424929178470255,0.0509915014164306,0.0311614730878187,0.0254957507082153,0.0623229461756374,0.0368271954674221,0.107648725212465,0.056657223796034,0.0538243626062323,0.0679886685552408,0.0424929178470255,0.0424929178470255,0.0396600566572238,0.0453257790368272,0.0396600566572238,0.0708215297450425,0,0.0396600566572238,0.0708215297450425
"seq7051",0.103448275862069,0.0517241379310345,0.0344827586206897,0.0172413793103448,0,0.0344827586206897,0.0172413793103448,0.0172413793103448,0.0172413793103448,0.0862068965517241,0.120689655172414,0.0517241379310345,0.0517241379310345,0.0862068965517241,0.0344827586206897,0.0689655172413793,0.0172413793103448,0.0344827586206897,0.0517241379310345,0.103448275862069
"seq7052",0.0847457627118644,0.0395480225988701,0.0423728813559322,0.0649717514124294,0.0112994350282486,0.0932203389830508,0.019774011299435,0.0621468926553672,0.0141242937853107,0.0847457627118644,0.0734463276836158,0.0903954802259887,0.0310734463276836,0.0451977401129944,0.0536723163841808,0.0480225988700565,0.0395480225988701,0.00564971751412429,0.0225988700564972,0.0734463276836158
"seq7053",0.0773993808049536,0.043343653250774,0.0510835913312693,0.0712074303405573,0.00619195046439629,0.0758513931888545,0.0402476780185759,0.0820433436532508,0.0108359133126935,0.0681114551083591,0.0681114551083591,0.0835913312693498,0.0201238390092879,0.0371517027863777,0.0386996904024768,0.0557275541795666,0.0727554179566563,0.00309597523219814,0.0232198142414861,0.0712074303405573
"seq7054",0.0769230769230769,0.0430769230769231,0.0523076923076923,0.0707692307692308,0.00615384615384615,0.0753846153846154,0.04,0.0846153846153846,0.0107692307692308,0.0676923076923077,0.0676923076923077,0.0830769230769231,0.0215384615384615,0.0369230769230769,0.04,0.0538461538461538,0.0723076923076923,0.00307692307692308,0.0230769230769231,0.0707692307692308
"seq7055",0.0687951349296845,0.031927023945268,0.048270619536298,0.0433295324971494,0.00912200684150513,0.0729760547320411,0.0684150513112885,0.064234131508932,0.0247054351957431,0.0714557202584569,0.123147092360319,0.0520714557202585,0.0152033447358419,0.0444697833523375,0.040668947168377,0.0752565564424173,0.0532117065754466,0.0140630938806537,0.0266058532877233,0.0520714557202585
"seq7056",0.0781758957654723,0.0325732899022801,0.0358306188925081,0.0814332247557003,0,0.0390879478827362,0.0553745928338762,0.0521172638436482,0.0390879478827362,0.0521172638436482,0.120521172638436,0.0358306188925081,0.0228013029315961,0.0390879478827362,0.0781758957654723,0.0456026058631922,0.0586319218241042,0.00651465798045603,0.0553745928338762,0.0716612377850163
"seq7057",0.0689655172413793,0.0275862068965517,0.0551724137931034,0.110344827586207,0,0.0827586206896552,0.0344827586206897,0.0620689655172414,0.0137931034482759,0.0827586206896552,0.0620689655172414,0.103448275862069,0.0275862068965517,0.0551724137931034,0.0137931034482759,0.0344827586206897,0.0551724137931034,0.0137931034482759,0.0206896551724138,0.0758620689655172
"seq7058",0.0856353591160221,0.0331491712707182,0.0441988950276243,0.0718232044198895,0.0110497237569061,0.0856353591160221,0.0220994475138122,0.0773480662983425,0.0303867403314917,0.0828729281767956,0.069060773480663,0.0580110497237569,0.0359116022099447,0.0524861878453039,0.0414364640883978,0.0469613259668508,0.0552486187845304,0.00276243093922652,0.0248618784530387,0.069060773480663
"seq7059",0.0863509749303621,0.0167130919220056,0.0501392757660167,0.0584958217270195,0.011142061281337,0.0612813370473538,0.0417827298050139,0.0863509749303621,0.0362116991643454,0.0584958217270195,0.0752089136490251,0.0696378830083565,0.0222841225626741,0.0362116991643454,0.0417827298050139,0.0696378830083565,0.0473537604456825,0.011142061281337,0.0362116991643454,0.0835654596100279
"seq7060",0.111856823266219,0.00447427293064877,0.0671140939597315,0.0492170022371365,0.00223713646532438,0.0313199105145414,0.058165548098434,0.0850111856823266,0.00671140939597315,0.058165548098434,0.0760626398210291,0.0939597315436242,0.0402684563758389,0.0335570469798658,0.0671140939597315,0.0604026845637584,0.0425055928411633,0.0201342281879195,0.0335570469798658,0.058165548098434
"seq7061",0.0587431693989071,0.0368852459016393,0.0683060109289618,0.0478142076502732,0.0136612021857923,0.0655737704918033,0.0341530054644809,0.0860655737704918,0.0273224043715847,0.0532786885245902,0.0724043715846995,0.0683060109289618,0.0273224043715847,0.0396174863387978,0.0491803278688525,0.046448087431694,0.0655737704918033,0.0150273224043716,0.0601092896174863,0.064207650273224
"seq7062",0.138121546961326,0.0497237569060773,0.0552486187845304,0.0718232044198895,0.0165745856353591,0.0331491712707182,0.0220994475138122,0.0994475138121547,0.0165745856353591,0.0662983425414365,0.0718232044198895,0.0828729281767956,0.0220994475138122,0.0331491712707182,0.0276243093922652,0.0441988950276243,0.0718232044198895,0.0165745856353591,0.0110497237569061,0.0497237569060773
"seq7063",0.109550561797753,0.0168539325842697,0.0617977528089888,0.0758426966292135,0.0112359550561798,0.0533707865168539,0.0365168539325843,0.050561797752809,0.00561797752808989,0.112359550561798,0.0842696629213483,0.0870786516853933,0.0252808988764045,0.0449438202247191,0.0224719101123595,0.0561797752808989,0.0561797752808989,0.00561797752808989,0.0252808988764045,0.0589887640449438
"seq7064",0.0746268656716418,0.0422885572139304,0.0447761194029851,0.0621890547263682,0.00746268656716418,0.0845771144278607,0.0223880597014925,0.0621890547263682,0.0174129353233831,0.0696517412935323,0.0597014925373134,0.0895522388059701,0.0398009950248756,0.0422885572139304,0.027363184079602,0.054726368159204,0.0671641791044776,0.0149253731343284,0.0472636815920398,0.0696517412935323
"seq7065",0.0685579196217494,0.0141843971631206,0.0732860520094563,0.0709219858156028,0.00472813238770686,0.049645390070922,0.0472813238770686,0.066193853427896,0.016548463356974,0.0543735224586288,0.0898345153664303,0.127659574468085,0.0307328605200946,0.0401891252955083,0.0449172576832151,0.0425531914893617,0.0543735224586288,0.0141843971631206,0.0425531914893617,0.0472813238770686
"seq7066",0.0884718498659517,0.0187667560321716,0.0428954423592493,0.0536193029490617,0.00536193029490617,0.0750670241286863,0.0402144772117962,0.0884718498659517,0.0482573726541555,0.0723860589812333,0.0804289544235925,0.0831099195710456,0.0268096514745308,0.0241286863270777,0.0375335120643432,0.0241286863270777,0.0455764075067024,0,0.0375335120643432,0.107238605898123
"seq7067",0.0766871165644172,0.049079754601227,0.0460122699386503,0.0644171779141104,0.00613496932515337,0.0736196319018405,0.0368098159509202,0.0828220858895705,0.0276073619631902,0.0613496932515337,0.0674846625766871,0.0552147239263804,0.0184049079754601,0.0460122699386503,0.049079754601227,0.0705521472392638,0.0429447852760736,0.00613496932515337,0.0337423312883436,0.0858895705521472
"seq7068",0.0710227272727273,0.0340909090909091,0.0284090909090909,0.0568181818181818,0.00568181818181818,0.0823863636363636,0.0170454545454545,0.0852272727272727,0.0113636363636364,0.0625,0.107954545454545,0.102272727272727,0.0113636363636364,0.0454545454545455,0.0284090909090909,0.0539772727272727,0.0482954545454545,0.0113636363636364,0.0511363636363636,0.0852272727272727
"seq7069",0.0827067669172932,0.0526315789473684,0.0225563909774436,0.0902255639097744,0.0150375939849624,0.0601503759398496,0.0300751879699248,0.0526315789473684,0.0451127819548872,0.0676691729323308,0.0676691729323308,0.0601503759398496,0.037593984962406,0.0451127819548872,0.037593984962406,0.0451127819548872,0.037593984962406,0.0225563909774436,0.0526315789473684,0.075187969924812
"seq7070",0.0470588235294118,0.0235294117647059,0.0470588235294118,0.117647058823529,0.00588235294117647,0.0647058823529412,0.0529411764705882,0.111764705882353,0.00588235294117647,0.0647058823529412,0.0882352941176471,0.0588235294117647,0.00588235294117647,0.0470588235294118,0.00588235294117647,0.0647058823529412,0.0588235294117647,0.0235294117647059,0.0470588235294118,0.0588235294117647
"seq7071",0.0721311475409836,0.0262295081967213,0.0852459016393443,0.080327868852459,0.00163934426229508,0.0508196721311475,0.0213114754098361,0.059016393442623,0.019672131147541,0.0737704918032787,0.0754098360655738,0.0983606557377049,0.019672131147541,0.0426229508196721,0.0360655737704918,0.0491803278688525,0.0327868852459016,0.019672131147541,0.0754098360655738,0.060655737704918
"seq7072",0.0501567398119122,0.0219435736677116,0.0658307210031348,0.0438871473354232,0,0.0658307210031348,0.0188087774294671,0.0595611285266458,0.0125391849529781,0.0971786833855799,0.0783699059561129,0.0532915360501567,0.00940438871473354,0.0344827586206897,0.0689655172413793,0.0689655172413793,0.0971786833855799,0.0344827586206897,0.0532915360501567,0.0658307210031348
"seq7073",0.152777777777778,0.0347222222222222,0.0277777777777778,0.0590277777777778,0.0104166666666667,0.0555555555555556,0.0208333333333333,0.135416666666667,0.0104166666666667,0.0381944444444444,0.0659722222222222,0.0798611111111111,0.0173611111111111,0.0486111111111111,0.0243055555555556,0.0486111111111111,0.0486111111111111,0.00347222222222222,0.0243055555555556,0.09375
"seq7074",0.129310344827586,0.00862068965517241,0.0172413793103448,0.0862068965517241,0.0689655172413793,0.0431034482758621,0.0344827586206897,0.0775862068965517,0.0689655172413793,0,0.0862068965517241,0.0775862068965517,0.0258620689655172,0.0431034482758621,0.0344827586206897,0.112068965517241,0.0344827586206897,0,0,0.0517241379310345
"seq7075",0.0724070450097847,0.050880626223092,0.0391389432485323,0.0665362035225049,0.00782778864970646,0.0724070450097847,0.025440313111546,0.0880626223091976,0.0371819960861057,0.0704500978473581,0.086105675146771,0.0665362035225049,0.0195694716242661,0.0371819960861057,0.0547945205479452,0.0352250489236791,0.0567514677103718,0.00391389432485323,0.0430528375733855,0.0665362035225049
"seq7076",0.0699300699300699,0.027972027972028,0.0629370629370629,0.048951048951049,0.020979020979021,0.0979020979020979,0.00699300699300699,0.0629370629370629,0.013986013986014,0.0839160839160839,0.041958041958042,0.0839160839160839,0.041958041958042,0.0839160839160839,0.013986013986014,0.0839160839160839,0.034965034965035,0,0.027972027972028,0.0909090909090909
"seq7077",0.0853242320819113,0.037542662116041,0.0511945392491468,0.0238907849829352,0,0.0443686006825939,0.0750853242320819,0.109215017064846,0.0273037542662116,0.068259385665529,0.0750853242320819,0.0443686006825939,0.0136518771331058,0.0238907849829352,0.0238907849829352,0.0648464163822526,0.0921501706484642,0.0136518771331058,0.0307167235494881,0.0955631399317406
"seq7078",0.0944055944055944,0.0437062937062937,0.0524475524475524,0.0699300699300699,0.00524475524475524,0.0926573426573427,0.0367132867132867,0.0629370629370629,0.0104895104895105,0.0769230769230769,0.0979020979020979,0.0594405594405594,0.0314685314685315,0.0314685314685315,0.0332167832167832,0.0472027972027972,0.0524475524475524,0.00174825174825175,0.0262237762237762,0.0734265734265734
"seq7079",0.108333333333333,0.0208333333333333,0.0625,0.08125,0,0.0270833333333333,0.0395833333333333,0.125,0.01875,0.0395833333333333,0.0666666666666667,0.0416666666666667,0.00833333333333333,0.05625,0.0208333333333333,0.0875,0.08125,0.0125,0.0395833333333333,0.0625
"seq7080",0.0399113082039911,0.0450849963045085,0.0716925351071692,0.049519586104952,0.00665188470066519,0.0724316334072432,0.0421286031042129,0.0628233555062823,0.016260162601626,0.0827790096082779,0.0886917960088692,0.0679970436067997,0.0214338507021434,0.0524759793052476,0.0295639320029564,0.0776053215077605,0.0672579453067258,0.0140428677014043,0.0428677014042868,0.0487804878048781
"seq7081",0.100961538461538,0.0336538461538462,0.0528846153846154,0.0528846153846154,0,0.0913461538461538,0.0384615384615385,0.0576923076923077,0.0144230769230769,0.0528846153846154,0.0961538461538462,0.0673076923076923,0.0192307692307692,0.0528846153846154,0.0432692307692308,0.0528846153846154,0.0721153846153846,0.0144230769230769,0.0288461538461538,0.0576923076923077
"seq7082",0.113636363636364,0.0353535353535354,0.0303030303030303,0.047979797979798,0.0126262626262626,0.0757575757575758,0.0454545454545455,0.095959595959596,0.0328282828282828,0.0555555555555556,0.106060606060606,0.0858585858585859,0.0252525252525253,0.0378787878787879,0.0404040404040404,0.0429292929292929,0.0404040404040404,0.00252525252525253,0.0252525252525253,0.047979797979798
"seq7083",0.0545454545454545,0.0290909090909091,0.0545454545454545,0.0545454545454545,0.0109090909090909,0.0836363636363636,0.0218181818181818,0.0763636363636364,0.0218181818181818,0.0763636363636364,0.0654545454545455,0.0545454545454545,0.0327272727272727,0.04,0.0618181818181818,0.0618181818181818,0.0654545454545455,0.00727272727272727,0.0727272727272727,0.0545454545454545
"seq7084",0.0550847457627119,0.0254237288135593,0.0508474576271186,0.0423728813559322,0.0127118644067797,0.0593220338983051,0.0720338983050847,0.0508474576271186,0.0211864406779661,0.0720338983050847,0.148305084745763,0.0677966101694915,0.0169491525423729,0.0338983050847458,0.0296610169491525,0.0593220338983051,0.0593220338983051,0.0169491525423729,0.0296610169491525,0.076271186440678
"seq7085",0.0569105691056911,0.0121951219512195,0.0487804878048781,0.0365853658536585,0.00813008130081301,0.0691056910569106,0.00813008130081301,0.0813008130081301,0.024390243902439,0.0487804878048781,0.105691056910569,0.105691056910569,0.0040650406504065,0.0487804878048781,0.0528455284552846,0.0934959349593496,0.0487804878048781,0.024390243902439,0.032520325203252,0.0894308943089431
"seq7086",0.0983379501385042,0.0277008310249307,0.0498614958448753,0.0692520775623269,0.00277008310249307,0.038781163434903,0.0526315789473684,0.0817174515235457,0.0152354570637119,0.0415512465373961,0.0554016620498615,0.0595567867036011,0.0263157894736842,0.0415512465373961,0.0457063711911357,0.0858725761772853,0.0678670360110803,0.03601108033241,0.0595567867036011,0.0443213296398892
"seq7087",0.0909090909090909,0.0173160173160173,0.0649350649350649,0.051948051948052,0.00432900432900433,0.051948051948052,0.00432900432900433,0.0909090909090909,0.0173160173160173,0.0606060606060606,0.0822510822510823,0.0822510822510823,0.0216450216450216,0.0476190476190476,0.025974025974026,0.121212121212121,0.0779220779220779,0.0216450216450216,0.012987012987013,0.051948051948052
"seq7088",0.0571428571428571,0.0685714285714286,0.0457142857142857,0.08,0.0142857142857143,0.0714285714285714,0.0371428571428571,0.08,0.0342857142857143,0.0771428571428571,0.0857142857142857,0.0514285714285714,0.0171428571428571,0.0314285714285714,0.0371428571428571,0.0571428571428571,0.0485714285714286,0.00571428571428571,0.0257142857142857,0.0742857142857143
"seq7089",0.0583657587548638,0.101167315175097,0.0233463035019455,0.0739299610894942,0.0116731517509728,0.101167315175097,0.0233463035019455,0.0583657587548638,0.0116731517509728,0.0311284046692607,0.116731517509728,0.0622568093385214,0.0233463035019455,0.0428015564202335,0.0583657587548638,0.0622568093385214,0.0505836575875486,0.00778210116731518,0.0272373540856031,0.0544747081712062
"seq7090",0.0929292929292929,0.0686868686868687,0.0282828282828283,0.0626262626262626,0.0101010101010101,0.0808080808080808,0.0383838383838384,0.0565656565656566,0.0404040404040404,0.0525252525252525,0.0686868686868687,0.0525252525252525,0.0323232323232323,0.0444444444444444,0.0404040404040404,0.0484848484848485,0.0545454545454545,0.0101010101010101,0.0363636363636364,0.0808080808080808
"seq7091",0.0606060606060606,0.0454545454545455,0.0227272727272727,0.0454545454545455,0.0151515151515152,0.0984848484848485,0.053030303030303,0.0606060606060606,0.053030303030303,0.053030303030303,0.0833333333333333,0.0378787878787879,0.0454545454545455,0.053030303030303,0.0757575757575758,0.0378787878787879,0.0833333333333333,0.00757575757575758,0.0303030303030303,0.0378787878787879
"seq7092",0.108974358974359,0.0427350427350427,0.0427350427350427,0.0576923076923077,0.00427350427350427,0.0726495726495727,0.0448717948717949,0.0876068376068376,0.00854700854700855,0.0747863247863248,0.0854700854700855,0.0598290598290598,0.014957264957265,0.0363247863247863,0.0341880341880342,0.0534188034188034,0.047008547008547,0.00854700854700855,0.0534188034188034,0.061965811965812
"seq7093",0.0903426791277259,0.0654205607476635,0.0498442367601246,0.0529595015576324,0.00934579439252336,0.059190031152648,0.0467289719626168,0.0654205607476635,0.043613707165109,0.0560747663551402,0.0934579439252336,0.0342679127725857,0.0311526479750779,0.0342679127725857,0.043613707165109,0.0560747663551402,0.043613707165109,0.0124610591900312,0.0373831775700935,0.0747663551401869
"seq7094",0.10958904109589,0.0506849315068493,0.0219178082191781,0.0657534246575342,0.00136986301369863,0.1,0.0342465753424658,0.0753424657534247,0.0205479452054795,0.0808219178082192,0.073972602739726,0.0753424657534247,0.0232876712328767,0.0301369863013699,0.0383561643835616,0.0465753424657534,0.0465753424657534,0.00136986301369863,0.0246575342465753,0.0794520547945206
"seq7095",0.0348432055749129,0.0418118466898955,0.0696864111498258,0.0522648083623693,0.00348432055749129,0.0836236933797909,0.0522648083623693,0.0627177700348432,0.0348432055749129,0.0557491289198606,0.0905923344947735,0.0522648083623693,0.0313588850174216,0.0487804878048781,0.0452961672473868,0.0627177700348432,0.0278745644599303,0.024390243902439,0.0557491289198606,0.0696864111498258
"seq7096",0.0966850828729282,0.0441988950276243,0.0497237569060773,0.0386740331491713,0.00552486187845304,0.074585635359116,0.0469613259668508,0.0828729281767956,0.0220994475138122,0.0414364640883978,0.0911602209944751,0.0497237569060773,0.0359116022099447,0.0441988950276243,0.0386740331491713,0.0773480662983425,0.0414364640883978,0.00552486187845304,0.0441988950276243,0.069060773480663
"seq7097",0.0882352941176471,0.0514705882352941,0.0367647058823529,0.0490196078431373,0.0147058823529412,0.0514705882352941,0.0294117647058824,0.0637254901960784,0.0220588235294118,0.0514705882352941,0.053921568627451,0.0563725490196078,0.0294117647058824,0.0269607843137255,0.100490196078431,0.0637254901960784,0.0563725490196078,0.00735294117647059,0.0367647058823529,0.110294117647059
"seq7098",0.0520547945205479,0.0246575342465753,0.0849315068493151,0.0547945205479452,0.00821917808219178,0.0383561643835616,0.0219178082191781,0.0821917808219178,0.00547945205479452,0.0547945205479452,0.0986301369863014,0.0876712328767123,0.00547945205479452,0.0465753424657534,0.0547945205479452,0.0767123287671233,0.0821917808219178,0.010958904109589,0.0438356164383562,0.0657534246575342
"seq7099",0.0292397660818713,0.0526315789473684,0.0760233918128655,0.0467836257309941,0.0292397660818713,0.0584795321637427,0.0233918128654971,0.111111111111111,0.0233918128654971,0.0818713450292398,0.0467836257309941,0.064327485380117,0.0350877192982456,0.0701754385964912,0.0350877192982456,0.087719298245614,0.0467836257309941,0.00584795321637427,0.0175438596491228,0.0584795321637427
"seq7100",0.115830115830116,0.0308880308880309,0.0772200772200772,0.0463320463320463,0.0115830115830116,0.0540540540540541,0.0501930501930502,0.0656370656370656,0.0193050193050193,0.104247104247104,0.0579150579150579,0.0656370656370656,0.0424710424710425,0.0386100386100386,0.027027027027027,0.0849420849420849,0.0463320463320463,0.00386100386100386,0.0115830115830116,0.0463320463320463
"seq7101",0.110671936758893,0.0513833992094862,0.0197628458498024,0.0434782608695652,0.0118577075098814,0.0671936758893281,0.0355731225296443,0.08300395256917,0.0276679841897233,0.0513833992094862,0.0790513833992095,0.0395256916996047,0.0355731225296443,0.0316205533596838,0.0395256916996047,0.0632411067193676,0.0909090909090909,0.00790513833992095,0.0158102766798419,0.0948616600790514
"seq7102",0.0691244239631336,0.0460829493087558,0.0184331797235023,0.0184331797235023,0.00921658986175115,0.0414746543778802,0.0276497695852535,0.0599078341013825,0.0460829493087558,0.110599078341014,0.0691244239631336,0.0783410138248848,0.0599078341013825,0.0829493087557604,0.0368663594470046,0.0460829493087558,0.032258064516129,0.0368663594470046,0.0276497695852535,0.0829493087557604
"seq7103",0.1640625,0.0234375,0.0208333333333333,0.078125,0.015625,0.0677083333333333,0.0104166666666667,0.0911458333333333,0.0130208333333333,0.0182291666666667,0.0911458333333333,0.0546875,0.0234375,0.0390625,0.0807291666666667,0.0546875,0.0494791666666667,0.0104166666666667,0.0260416666666667,0.0677083333333333
"seq7104",0.137767220902613,0.0498812351543943,0.0213776722090261,0.0570071258907363,0,0.0570071258907363,0.0261282660332542,0.0878859857482185,0.0356294536817102,0.0475059382422803,0.104513064133017,0.0403800475059382,0.0190023752969121,0.0285035629453682,0.0498812351543943,0.0641330166270784,0.0522565320665083,0.0190023752969121,0.0285035629453682,0.0736342042755344
"seq7105",0.0550070521861777,0.0507757404795487,0.0465444287729196,0.0451339915373766,0.0282087447108604,0.10296191819464,0.0380818053596615,0.0550070521861777,0.0141043723554302,0.0691114245416079,0.0846262341325811,0.0959097320169253,0.0352609308885755,0.0592383638928068,0.0451339915373766,0.0521861777150917,0.0451339915373766,0.0112834978843441,0.0282087447108604,0.0380818053596615
