"","A","R","N","D","C","E","Q","G","H","I","L","K","M","F","P","S","T","W","Y","V"
"seq1001",0.0153846153846154,0.0307692307692308,0.0769230769230769,0.0615384615384615,0.123076923076923,0.0769230769230769,0.0615384615384615,0.0307692307692308,0.0307692307692308,0.0769230769230769,0.0461538461538462,0.123076923076923,0,0.0153846153846154,0.0307692307692308,0.0461538461538462,0.0615384615384615,0.0307692307692308,0,0.0615384615384615
"seq1002",0.0319634703196347,0.0410958904109589,0.0502283105022831,0.0547945205479452,0.0228310502283105,0.045662100456621,0.0410958904109589,0.0730593607305936,0.0182648401826484,0.0410958904109589,0.0730593607305936,0.0593607305936073,0.0091324200913242,0.0410958904109589,0.0502283105022831,0.141552511415525,0.0867579908675799,0.0136986301369863,0.0410958904109589,0.0639269406392694
"seq1003",0.0934959349593496,0.0487804878048781,0.0650406504065041,0.040650406504065,0,0.0365853658536585,0.0447154471544715,0.0569105691056911,0.0121951219512195,0.0691056910569106,0.113821138211382,0.040650406504065,0.0121951219512195,0.032520325203252,0.0447154471544715,0.0853658536585366,0.0772357723577236,0.0040650406504065,0.0528455284552846,0.0691056910569106
"seq1004",0.0934959349593496,0.0528455284552846,0.0650406504065041,0.040650406504065,0,0.0365853658536585,0.0447154471544715,0.0569105691056911,0.0121951219512195,0.0691056910569106,0.113821138211382,0.0365853658536585,0.0121951219512195,0.032520325203252,0.0447154471544715,0.0853658536585366,0.0772357723577236,0.0040650406504065,0.0528455284552846,0.0691056910569106
"seq1005",0.0954356846473029,0.024896265560166,0.0580912863070539,0.029045643153527,0,0.033195020746888,0.037344398340249,0.0705394190871369,0.004149377593361,0.0829875518672199,0.0954356846473029,0.0580912863070539,0.016597510373444,0.04149377593361,0.024896265560166,0.12448132780083,0.0829875518672199,0.004149377593361,0.0497925311203319,0.0663900414937759
"seq1006",0.0625,0.0520833333333333,0.0208333333333333,0.0729166666666667,0.0208333333333333,0.0520833333333333,0.0520833333333333,0.0833333333333333,0.0208333333333333,0.0520833333333333,0.0625,0,0,0.03125,0.0625,0.0729166666666667,0.135416666666667,0,0.0833333333333333,0.0625
"seq1007",0.0746268656716418,0.0671641791044776,0.0373134328358209,0.0671641791044776,0.0149253731343284,0.082089552238806,0.0447761194029851,0.0447761194029851,0.0373134328358209,0.0373134328358209,0.0970149253731343,0.0373134328358209,0.0522388059701493,0.0373134328358209,0.0223880597014925,0.0970149253731343,0.0373134328358209,0.0149253731343284,0.0298507462686567,0.0671641791044776
"seq1008",0.0972222222222222,0.0625,0.0486111111111111,0.0625,0.0208333333333333,0.0555555555555556,0.0486111111111111,0.0833333333333333,0.0625,0.0416666666666667,0.0694444444444444,0.0347222222222222,0.0277777777777778,0.0416666666666667,0.0347222222222222,0.0347222222222222,0.0416666666666667,0.0208333333333333,0.0208333333333333,0.0902777777777778
"seq1009",0.179775280898876,0.0112359550561798,0.0674157303370786,0.0898876404494382,0.0224719101123595,0.0674157303370786,0.0449438202247191,0.134831460674157,0.0224719101123595,0.0674157303370786,0.0561797752808989,0.0449438202247191,0.0112359550561798,0.0337078651685393,0.0224719101123595,0,0.0112359550561798,0.0224719101123595,0.0337078651685393,0.0561797752808989
"seq1010",0.137384412153236,0.0515191545574637,0.035667107001321,0.0554821664464993,0.00924702774108322,0.0409511228533686,0.0224570673712021,0.105680317040951,0.0184940554821664,0.035667107001321,0.0911492734478203,0.035667107001321,0.0145310435931308,0.0290620871862616,0.0396301188903567,0.0673712021136063,0.0885072655217966,0.0250990752972259,0.0250990752972259,0.071334214002642
"seq1011",0.0786885245901639,0.0557377049180328,0.0622950819672131,0.0459016393442623,0.0229508196721311,0.0754098360655738,0.0622950819672131,0.0655737704918033,0.0262295081967213,0.0688524590163934,0.059016393442623,0.0360655737704918,0.0163934426229508,0.0327868852459016,0.0327868852459016,0.0688524590163934,0.0491803278688525,0.0131147540983607,0.0655737704918033,0.0622950819672131
"seq1012",0.039647577092511,0.039647577092511,0.0440528634361234,0.0484581497797357,0.013215859030837,0.0748898678414097,0.0220264317180617,0.0616740088105727,0.0308370044052863,0.0572687224669604,0.101321585903084,0.0352422907488987,0.00440528634361234,0.052863436123348,0.0572687224669604,0.092511013215859,0.066079295154185,0.0176211453744493,0.0308370044052863,0.110132158590308
"seq1013",0.0809248554913295,0.0404624277456647,0.046242774566474,0.0289017341040462,0.023121387283237,0.0635838150289017,0.0346820809248555,0.0578034682080925,0.0346820809248555,0.0289017341040462,0.092485549132948,0.069364161849711,0.0115606936416185,0.0346820809248555,0.0520231213872832,0.104046242774566,0.046242774566474,0.0289017341040462,0.0346820809248555,0.0867052023121387
"seq1014",0.0809248554913295,0.046242774566474,0.046242774566474,0.0289017341040462,0.023121387283237,0.0635838150289017,0.0404624277456647,0.0520231213872832,0.0289017341040462,0.0289017341040462,0.0867052023121387,0.0635838150289017,0.0115606936416185,0.0346820809248555,0.0520231213872832,0.104046242774566,0.0520231213872832,0.0289017341040462,0.0346820809248555,0.092485549132948
"seq1015",0.0782608695652174,0.0260869565217391,0.0347826086956522,0.0869565217391304,0.0260869565217391,0.0434782608695652,0.0173913043478261,0.130434782608696,0.0260869565217391,0.0434782608695652,0.0260869565217391,0.0695652173913043,0.0347826086956522,0.0434782608695652,0.0608695652173913,0.0260869565217391,0.0869565217391304,0.0173913043478261,0.0347826086956522,0.0869565217391304
"seq1016",0.133928571428571,0,0.0625,0.0535714285714286,0.0178571428571429,0.0803571428571429,0.00892857142857143,0.0714285714285714,0.0178571428571429,0.0178571428571429,0.0714285714285714,0.151785714285714,0.0178571428571429,0.0446428571428571,0.0267857142857143,0.0446428571428571,0.0714285714285714,0.00892857142857143,0.0446428571428571,0.0535714285714286
"seq1017",0.0778443113772455,0.0778443113772455,0.0269461077844311,0.0568862275449102,0.0119760479041916,0.0658682634730539,0.0449101796407186,0.11377245508982,0.0239520958083832,0.0568862275449102,0.0538922155688623,0.0329341317365269,0.0119760479041916,0.0179640718562874,0.0568862275449102,0.0479041916167665,0.0598802395209581,0.029940119760479,0.0508982035928144,0.0808383233532934
"seq1018",0.140845070422535,0.0422535211267606,0.028169014084507,0.0845070422535211,0.0563380281690141,0.112676056338028,0.0422535211267606,0.0985915492957746,0.0563380281690141,0,0.028169014084507,0.0140845070422535,0,0.028169014084507,0.0563380281690141,0.0422535211267606,0.0140845070422535,0.0422535211267606,0.0422535211267606,0.0704225352112676
"seq1019",0.0765027322404372,0.0710382513661202,0.0491803278688525,0.092896174863388,0.0327868852459016,0.0601092896174863,0.0382513661202186,0.0601092896174863,0.0163934426229508,0.0327868852459016,0.0655737704918033,0.0601092896174863,0.0218579234972678,0.0655737704918033,0.0273224043715847,0.0601092896174863,0.0437158469945355,0.0218579234972678,0.0382513661202186,0.0655737704918033
"seq1020",0.0807453416149068,0.046583850931677,0.0372670807453416,0.0326086956521739,0.0481366459627329,0.077639751552795,0.0496894409937888,0.0372670807453416,0.0357142857142857,0.0341614906832298,0.093167701863354,0.077639751552795,0.0124223602484472,0.0357142857142857,0.0683229813664596,0.0791925465838509,0.0543478260869565,0.0108695652173913,0.0263975155279503,0.062111801242236
"seq1021",0.0935672514619883,0.043859649122807,0.0409356725146199,0.0263157894736842,0.0116959064327485,0.0467836257309941,0.0321637426900585,0.0964912280701754,0.0233918128654971,0.0467836257309941,0.116959064327485,0.0087719298245614,0.0233918128654971,0.108187134502924,0.043859649122807,0.0555555555555556,0.0555555555555556,0.0409356725146199,0.0233918128654971,0.0614035087719298
"seq1022",0.0666666666666667,0.00952380952380952,0.00952380952380952,0.123809523809524,0.0380952380952381,0.0571428571428571,0,0.123809523809524,0.0285714285714286,0.0380952380952381,0.019047619047619,0.019047619047619,0.00952380952380952,0.0380952380952381,0.0380952380952381,0.133333333333333,0.0666666666666667,0.00952380952380952,0.114285714285714,0.0571428571428571
"seq1023",0.0251046025104603,0.0125523012552301,0.100418410041841,0.0836820083682008,0.00836820083682008,0.0543933054393305,0.0209205020920502,0.0543933054393305,0.0292887029288703,0.0460251046025105,0.0627615062761506,0.121338912133891,0.0334728033472803,0.0418410041841004,0.0251046025104603,0.0711297071129707,0.0585774058577406,0.00418410041841004,0.0753138075313808,0.0711297071129707
"seq1024",0.036036036036036,0.036036036036036,0.027027027027027,0.0540540540540541,0.0720720720720721,0.0900900900900901,0.045045045045045,0.045045045045045,0.0720720720720721,0.045045045045045,0.018018018018018,0.0630630630630631,0.027027027027027,0.036036036036036,0.0540540540540541,0.0900900900900901,0.108108108108108,0,0.027027027027027,0.0540540540540541
"seq1025",0.0943396226415094,0.0188679245283019,0.0377358490566038,0,0,0.132075471698113,0,0.0566037735849057,0.0377358490566038,0.0188679245283019,0.0754716981132075,0.0188679245283019,0,0.0943396226415094,0.0377358490566038,0.132075471698113,0.0943396226415094,0.0377358490566038,0.0188679245283019,0.0943396226415094
"seq1026",0.0754716981132075,0.0188679245283019,0.0566037735849057,0,0,0.132075471698113,0,0.0377358490566038,0.0188679245283019,0.0188679245283019,0.0754716981132075,0.0188679245283019,0,0.0754716981132075,0.0377358490566038,0.150943396226415,0.0943396226415094,0.0377358490566038,0.0377358490566038,0.113207547169811
"seq1027",0.129568106312292,0.0232558139534884,0.026578073089701,0.112956810631229,0,0.0564784053156146,0.00996677740863787,0.12624584717608,0.00664451827242525,0.026578073089701,0.079734219269103,0.0332225913621262,0.0299003322259136,0.0498338870431894,0.0166112956810631,0.0697674418604651,0.0697674418604651,0.00332225913621262,0.053156146179402,0.0764119601328904
"seq1028",0.114906832298137,0.0403726708074534,0.062111801242236,0.0590062111801242,0,0.0434782608695652,0.0496894409937888,0.12111801242236,0.0186335403726708,0.0279503105590062,0.0372670807453416,0.0838509316770186,0.0062111801242236,0.0372670807453416,0.0124223602484472,0.077639751552795,0.0496894409937888,0.0124223602484472,0.0527950310559006,0.093167701863354
"seq1029",0.0630252100840336,0.0336134453781513,0.0630252100840336,0.046218487394958,0.0504201680672269,0.0252100840336134,0.0378151260504202,0.0966386554621849,0.0168067226890756,0.0504201680672269,0.0630252100840336,0.0378151260504202,0.0210084033613445,0.0252100840336134,0.0378151260504202,0.163865546218487,0.0336134453781513,0.0168067226890756,0.046218487394958,0.0714285714285714
"seq1030",0.0680628272251309,0.0471204188481675,0.0523560209424084,0.0418848167539267,0.0418848167539267,0.0104712041884817,0.0732984293193717,0.0837696335078534,0.0261780104712042,0.0418848167539267,0.0680628272251309,0.0523560209424084,0.00523560209424084,0.0785340314136126,0.0575916230366492,0.0837696335078534,0.0785340314136126,0.031413612565445,0.0157068062827225,0.0418848167539267
"seq1031",0.16289592760181,0.0271493212669683,0.0452488687782805,0.0678733031674208,0.00452488687782805,0.0180995475113122,0.0407239819004525,0.0950226244343891,0.0407239819004525,0.0497737556561086,0.0769230769230769,0.0316742081447964,0.0271493212669683,0.0407239819004525,0.0497737556561086,0.0542986425339367,0.0633484162895928,0.0180995475113122,0.0180995475113122,0.0678733031674208
"seq1032",0.0649350649350649,0.0173160173160173,0.0779220779220779,0.0432900432900433,0.051948051948052,0.0216450216450216,0.051948051948052,0.108225108225108,0.0173160173160173,0.0692640692640693,0.0692640692640693,0.0476190476190476,0.00865800865800866,0.0216450216450216,0.0432900432900433,0.116883116883117,0.0476190476190476,0.0173160173160173,0.0346320346320346,0.0692640692640693
"seq1033",0.0679611650485437,0.058252427184466,0.0679611650485437,0.0485436893203883,0.116504854368932,0.0485436893203883,0.029126213592233,0.0679611650485437,0,0.0485436893203883,0.0388349514563107,0.0485436893203883,0,0.029126213592233,0.0485436893203883,0.12621359223301,0.087378640776699,0,0.029126213592233,0.0388349514563107
"seq1034",0.0711462450592885,0.0316205533596838,0.0434782608695652,0.0632411067193676,0.0395256916996047,0.0316205533596838,0.0434782608695652,0.0988142292490119,0.0237154150197628,0.0474308300395257,0.0711462450592885,0.0316205533596838,0.00395256916996047,0.0316205533596838,0.0632411067193676,0.0948616600790514,0.0513833992094862,0.0395256916996047,0.0276679841897233,0.0909090909090909
"seq1035",0.0622914349276974,0.0444938820912125,0.03559510567297,0.0489432703003337,0.0111234705228031,0.0511679644048943,0.0645161290322581,0.0545050055617353,0.0389321468298109,0.0656284760845384,0.101223581757508,0.0689655172413793,0.014460511679644,0.0411568409343715,0.0689655172413793,0.053392658509455,0.0711902113459399,0.0211345939933259,0.0278086763070078,0.0545050055617353
"seq1036",0.108148148148148,0.037037037037037,0.04,0.0533333333333333,0.0103703703703704,0.0696296296296296,0.0222222222222222,0.100740740740741,0.0281481481481481,0.0562962962962963,0.077037037037037,0.0562962962962963,0.0207407407407407,0.037037037037037,0.0474074074074074,0.0607407407407407,0.0622222222222222,0.0162962962962963,0.0340740740740741,0.0622222222222222
"seq1037",0.0954356846473029,0.0539419087136929,0.033195020746888,0.0497925311203319,0.016597510373444,0.0663900414937759,0.024896265560166,0.0746887966804979,0.037344398340249,0.033195020746888,0.0912863070539419,0.0497925311203319,0.033195020746888,0.033195020746888,0.0912863070539419,0.0580912863070539,0.029045643153527,0.012448132780083,0.0580912863070539,0.0580912863070539
"seq1038",0.102739726027397,0.0205479452054795,0.0616438356164384,0.0616438356164384,0.0136986301369863,0.0479452054794521,0.0273972602739726,0.0958904109589041,0.0547945205479452,0.0136986301369863,0.123287671232877,0.0821917808219178,0.00684931506849315,0.0684931506849315,0.0205479452054795,0.0479452054794521,0.0136986301369863,0.0136986301369863,0.0136986301369863,0.10958904109589
"seq1039",0.105,0.045,0.06,0.055,0.005,0.09,0.035,0.04,0.055,0.045,0.105,0.08,0.01,0.04,0.01,0.06,0.07,0.005,0.06,0.025
"seq1040",0.104430379746835,0.0348101265822785,0.0221518987341772,0.0664556962025316,0.0221518987341772,0.069620253164557,0.0411392405063291,0.0506329113924051,0.0189873417721519,0.0379746835443038,0.0727848101265823,0.0727848101265823,0.0348101265822785,0.0537974683544304,0.0348101265822785,0.0348101265822785,0.060126582278481,0.0189873417721519,0.0443037974683544,0.104430379746835
"seq1041",0.0788530465949821,0.032258064516129,0.0752688172043011,0.0681003584229391,0.00716845878136201,0.0537634408602151,0.039426523297491,0.10752688172043,0.039426523297491,0.0537634408602151,0.0681003584229391,0.021505376344086,0.017921146953405,0.025089605734767,0.032258064516129,0.0716845878136201,0.0537634408602151,0.032258064516129,0.046594982078853,0.0752688172043011
"seq1042",0.0648648648648649,0.0324324324324324,0.0594594594594595,0.118918918918919,0.0216216216216216,0.0540540540540541,0.0486486486486487,0.0594594594594595,0.00540540540540541,0.0378378378378378,0.0810810810810811,0.0810810810810811,0.0378378378378378,0.0594594594594595,0.027027027027027,0.0486486486486487,0.0432432432432432,0.0216216216216216,0.0432432432432432,0.0540540540540541
"seq1043",0.157575757575758,0.0303030303030303,0.0363636363636364,0.0575757575757576,0.00303030303030303,0.0333333333333333,0.0303030303030303,0.1,0.0363636363636364,0.0242424242424242,0.0787878787878788,0.0212121212121212,0.0333333333333333,0.0272727272727273,0.0696969696969697,0.0515151515151515,0.0636363636363636,0.0151515151515152,0.0333333333333333,0.096969696969697
"seq1044",0.0910891089108911,0.0475247524752475,0.0257425742574257,0.0396039603960396,0.00396039603960396,0.0495049504950495,0.0257425742574257,0.110891089108911,0.0277227722772277,0.0495049504950495,0.0871287128712871,0.0277227722772277,0.0217821782178218,0.0871287128712871,0.0633663366336634,0.0534653465346535,0.0554455445544554,0.0356435643564356,0.0297029702970297,0.0673267326732673
"seq1045",0.204081632653061,0.0204081632653061,0.0204081632653061,0.0476190476190476,0.00680272108843537,0.0204081632653061,0.0476190476190476,0.136054421768707,0.0340136054421769,0.054421768707483,0.0748299319727891,0.0748299319727891,0.0340136054421769,0.0272108843537415,0.0204081632653061,0.0680272108843537,0.00680272108843537,0.0136054421768707,0.0204081632653061,0.0680272108843537
"seq1046",0.129032258064516,0.0138248847926267,0.0184331797235023,0.0506912442396313,0.0184331797235023,0.0506912442396313,0.0414746543778802,0.0967741935483871,0.00921658986175115,0.0875576036866359,0.101382488479263,0.0691244239631336,0.0138248847926267,0.0276497695852535,0.0552995391705069,0.0460829493087558,0.0599078341013825,0.0230414746543779,0.00921658986175115,0.0783410138248848
"seq1047",0.0954773869346734,0.0402010050251256,0.0452261306532663,0.0628140703517588,0.0226130653266332,0.0753768844221105,0.0150753768844221,0.0678391959798995,0.0175879396984925,0.0728643216080402,0.0628140703517588,0.0653266331658292,0.0201005025125628,0.0477386934673367,0.042713567839196,0.0577889447236181,0.042713567839196,0.00251256281407035,0.0678391959798995,0.0753768844221105
"seq1048",0.032520325203252,0.035230352303523,0.0758807588075881,0.0596205962059621,0.016260162601626,0.0731707317073171,0.02710027100271,0.037940379403794,0.021680216802168,0.0921409214092141,0.102981029810298,0.0948509485094851,0.013550135501355,0.0650406504065041,0.029810298102981,0.0542005420054201,0.0487804878048781,0.016260162601626,0.0650406504065041,0.037940379403794
"seq1049",0.0527131782945736,0.0465116279069767,0.0496124031007752,0.0527131782945736,0.013953488372093,0.062015503875969,0.0248062015503876,0.0775193798449612,0.0294573643410853,0.0573643410852713,0.10077519379845,0.0573643410852713,0.0263565891472868,0.048062015503876,0.0496124031007752,0.0651162790697674,0.0713178294573643,0.0124031007751938,0.0403100775193798,0.062015503875969
"seq1050",0.0437158469945355,0.0546448087431694,0.0491803278688525,0.0491803278688525,0.0109289617486339,0.0437158469945355,0.0491803278688525,0.0983606557377049,0.0327868852459016,0.0601092896174863,0.0983606557377049,0.0437158469945355,0.0273224043715847,0.0491803278688525,0.0437158469945355,0.0546448087431694,0.0765027322404372,0.00546448087431694,0.0163934426229508,0.092896174863388
"seq1051",0.0371517027863777,0.0402476780185759,0.0402476780185759,0.0371517027863777,0.0309597523219814,0.0495356037151703,0.0371517027863777,0.0526315789473684,0.0185758513931889,0.0309597523219814,0.065015479876161,0.0619195046439628,0.0123839009287926,0.0309597523219814,0.105263157894737,0.111455108359133,0.0959752321981424,0.0154798761609907,0.0278637770897833,0.0990712074303406
"seq1052",0.0853302162478083,0.0251315020455874,0.049094097019287,0.0590298071303331,0.00409117475160725,0.0391583869082408,0.0356516656925774,0.0835768556399766,0.0146113383985973,0.0409117475160725,0.0520163646990064,0.0631209818819404,0.0146113383985973,0.0344827586206897,0.0666277030976037,0.0806545879602572,0.0905902980713033,0.0397428404441847,0.0642898889538282,0.0572764465225015
"seq1053",0.0560747663551402,0.0498442367601246,0.0373831775700935,0.043613707165109,0.0155763239875389,0.0809968847352025,0.0249221183800623,0.0498442367601246,0.0249221183800623,0.105919003115265,0.0809968847352025,0.0560747663551402,0.0280373831775701,0.0498442367601246,0.0778816199376947,0.0841121495327103,0.0342679127725857,0.00311526479750779,0.0404984423676012,0.0560747663551402
"seq1054",0.0802919708029197,0.0839416058394161,0.0255474452554745,0.0583941605839416,0.0145985401459854,0.0839416058394161,0.0474452554744526,0.0802919708029197,0.0328467153284672,0.0182481751824818,0.0875912408759124,0.0364963503649635,0.0182481751824818,0.0182481751824818,0.0474452554744526,0.0437956204379562,0.072992700729927,0.0328467153284672,0.0547445255474453,0.062043795620438
"seq1055",0.126582278481013,0.0411392405063291,0.0284810126582278,0.0411392405063291,0,0.0569620253164557,0.0569620253164557,0.0949367088607595,0.0253164556962025,0.0253164556962025,0.0917721518987342,0.0569620253164557,0.0189873417721519,0.0348101265822785,0.0506329113924051,0.0506329113924051,0.0569620253164557,0.0158227848101266,0.0316455696202532,0.0949367088607595
"seq1056",0.161290322580645,0.0161290322580645,0.0645161290322581,0.0483870967741935,0.0645161290322581,0,0.0483870967741935,0.145161290322581,0,0.0483870967741935,0,0.112903225806452,0.0161290322580645,0.0483870967741935,0.0645161290322581,0.032258064516129,0.0483870967741935,0,0.032258064516129,0.0483870967741935
"seq1057",0.0263157894736842,0.0526315789473684,0.0526315789473684,0.0263157894736842,0.157894736842105,0.0263157894736842,0.0263157894736842,0.105263157894737,0.0263157894736842,0.0263157894736842,0.0263157894736842,0.157894736842105,0.0526315789473684,0.0263157894736842,0.0789473684210526,0.0526315789473684,0.0263157894736842,0,0,0.0526315789473684
"seq1058",0.0225563909774436,0.0225563909774436,0.0451127819548872,0.037593984962406,0,0.0676691729323308,0.0075187969924812,0.12781954887218,0.0075187969924812,0.0827067669172932,0.0676691729323308,0.0526315789473684,0.0075187969924812,0.075187969924812,0.0451127819548872,0.075187969924812,0.0827067669172932,0.0075187969924812,0.0827067669172932,0.0827067669172932
"seq1059",0.0593220338983051,0.0169491525423729,0.0423728813559322,0.076271186440678,0.0169491525423729,0.0932203389830508,0.00847457627118644,0.0508474576271186,0.0508474576271186,0.0508474576271186,0.0593220338983051,0.127118644067797,0.0254237288135593,0.0593220338983051,0.0423728813559322,0.0338983050847458,0.0423728813559322,0.0254237288135593,0.0423728813559322,0.076271186440678
"seq1060",0.0731707317073171,0.0365853658536585,0.0487804878048781,0.0609756097560976,0.024390243902439,0.0548780487804878,0.0182926829268293,0.0487804878048781,0.0365853658536585,0.0487804878048781,0.0792682926829268,0.0731707317073171,0.00609756097560976,0.0365853658536585,0.0670731707317073,0.0548780487804878,0.0609756097560976,0.00609756097560976,0.0914634146341463,0.0731707317073171
"seq1061",0.0665188470066519,0.0532150776053215,0.0310421286031042,0.0776053215077605,0.0133037694013304,0.0776053215077605,0.0266075388026608,0.0509977827050998,0.0354767184035477,0.0731707317073171,0.0709534368070953,0.0997782705099778,0.0199556541019956,0.0399113082039911,0.0509977827050998,0.0598669623059867,0.0332594235033259,0.0133037694013304,0.0487804878048781,0.057649667405765
"seq1062",0.0641711229946524,0.0427807486631016,0.0374331550802139,0.0561497326203209,0.0133689839572193,0.106951871657754,0.0401069518716578,0.0347593582887701,0.0213903743315508,0.0668449197860963,0.152406417112299,0.0989304812834225,0.0267379679144385,0.0294117647058824,0.0053475935828877,0.0374331550802139,0.0294117647058824,0.0053475935828877,0.0909090909090909,0.0401069518716578
"seq1063",0.111111111111111,0.0277777777777778,0.037037037037037,0.0277777777777778,0,0,0.0185185185185185,0.12037037037037,0.037037037037037,0.0462962962962963,0.157407407407407,0.00925925925925926,0.037037037037037,0.0462962962962963,0.0648148148148148,0.037037037037037,0.0462962962962963,0.0555555555555556,0.0185185185185185,0.101851851851852
"seq1064",0.079295154185022,0.039647577092511,0.0308370044052863,0.039647577092511,0.052863436123348,0.0440528634361234,0.039647577092511,0.079295154185022,0.0308370044052863,0.0484581497797357,0.0837004405286344,0.0308370044052863,0.0308370044052863,0.0352422907488987,0.066079295154185,0.0969162995594714,0.052863436123348,0.0220264317180617,0.052863436123348,0.0440528634361234
"seq1065",0.0516252390057361,0.0363288718929254,0.0401529636711281,0.0688336520076482,0.0133843212237094,0.0936902485659656,0.0439770554493308,0.0573613766730402,0.0191204588910134,0.0688336520076482,0.0975143403441683,0.112810707456979,0.0267686424474187,0.0439770554493308,0.0229445506692161,0.0745697896749522,0.0305927342256214,0.00764818355640535,0.0305927342256214,0.0592734225621415
"seq1066",0.0914826498422713,0.0315457413249211,0.0599369085173502,0.0788643533123028,0,0.0252365930599369,0.0410094637223975,0.113564668769716,0.0252365930599369,0.056782334384858,0.0504731861198738,0.0347003154574132,0.00630914826498423,0.0315457413249211,0.0252365930599369,0.082018927444795,0.0788643533123028,0.00946372239747634,0.0883280757097792,0.0694006309148265
"seq1067",0.0540540540540541,0.0405405405405405,0.0810810810810811,0.0720720720720721,0.0315315315315315,0.0405405405405405,0.0315315315315315,0.0945945945945946,0.0315315315315315,0.0495495495495495,0.103603603603604,0.045045045045045,0,0.018018018018018,0.045045045045045,0.0765765765765766,0.0495495495495495,0.0135135135135135,0.027027027027027,0.0945945945945946
"seq1068",0.0585585585585586,0.018018018018018,0.0765765765765766,0.0315315315315315,0.0540540540540541,0.0405405405405405,0.0315315315315315,0.103603603603604,0.0225225225225225,0.0495495495495495,0.0585585585585586,0.0405405405405405,0.027027027027027,0.018018018018018,0.0495495495495495,0.112612612612613,0.0495495495495495,0.018018018018018,0.0585585585585586,0.0810810810810811
"seq1069",0.0585585585585586,0.018018018018018,0.0810810810810811,0.027027027027027,0.0540540540540541,0.0405405405405405,0.0315315315315315,0.103603603603604,0.0225225225225225,0.0495495495495495,0.0585585585585586,0.0405405405405405,0.027027027027027,0.018018018018018,0.0495495495495495,0.108108108108108,0.0540540540540541,0.018018018018018,0.0585585585585586,0.0810810810810811
"seq1070",0.0506912442396313,0.0599078341013825,0.0668202764976959,0.0460829493087558,0,0.0990783410138249,0.0668202764976959,0.0483870967741935,0.0276497695852535,0.0529953917050691,0.0898617511520737,0.0645161290322581,0.0138248847926267,0.0576036866359447,0.0414746543778802,0.0921658986175115,0.0230414746543779,0.00691244239631336,0.0253456221198157,0.0668202764976959
"seq1071",0.125,0.105769230769231,0.00961538461538462,0.0673076923076923,0.00961538461538462,0.0192307692307692,0.0384615384615385,0.0865384615384615,0.0384615384615385,0.0192307692307692,0.0865384615384615,0,0.0192307692307692,0.0288461538461538,0.125,0.0480769230769231,0.0961538461538462,0.00961538461538462,0.0288461538461538,0.0384615384615385
"seq1072",0.0555555555555556,0.0396825396825397,0.0873015873015873,0.0952380952380952,0.0158730158730159,0.0793650793650794,0.0238095238095238,0.0396825396825397,0.0238095238095238,0.0476190476190476,0.111111111111111,0.0793650793650794,0.0396825396825397,0.0476190476190476,0.00793650793650794,0.0873015873015873,0.0634920634920635,0.00793650793650794,0.0396825396825397,0.00793650793650794
"seq1073",0.0533807829181495,0.0427046263345196,0.0498220640569395,0.0462633451957295,0.0124555160142349,0.0791814946619217,0.0551601423487545,0.0782918149466192,0.0160142348754448,0.0889679715302491,0.0916370106761566,0.0862989323843416,0.0240213523131673,0.0222419928825623,0.054270462633452,0.047153024911032,0.0418149466192171,0.0231316725978648,0.0346975088967972,0.052491103202847
"seq1074",0.0553097345132743,0.0376106194690266,0.0464601769911504,0.0597345132743363,0.0287610619469027,0.0508849557522124,0.0530973451327434,0.0884955752212389,0.0199115044247788,0.0464601769911504,0.0707964601769911,0.0575221238938053,0.0132743362831858,0.0486725663716814,0.0508849557522124,0.0951327433628319,0.0597345132743363,0.0154867256637168,0.0442477876106195,0.0575221238938053
"seq1075",0.0543735224586288,0.0283687943262411,0.0354609929078014,0.0614657210401891,0.0283687943262411,0.0520094562647754,0.0401891252955083,0.0709219858156028,0.033096926713948,0.0614657210401891,0.0614657210401891,0.0543735224586288,0.0212765957446809,0.0401891252955083,0.0614657210401891,0.0969267139479905,0.066193853427896,0.0307328605200946,0.0425531914893617,0.0591016548463357
"seq1076",0.064,0.024,0.072,0.072,0.064,0.024,0.032,0.072,0.04,0.056,0.08,0.12,0.008,0.016,0.024,0.072,0.072,0.032,0.032,0.024
"seq1077",0.0864661654135338,0.0263157894736842,0.0300751879699248,0.0639097744360902,0.0037593984962406,0.056390977443609,0.018796992481203,0.0789473684210526,0.0112781954887218,0.0676691729323308,0.0789473684210526,0.093984962406015,0.018796992481203,0.037593984962406,0.0789473684210526,0.0789473684210526,0.0488721804511278,0.0112781954887218,0.0413533834586466,0.0676691729323308
"seq1078",0.0550621669626998,0.0319715808170515,0.0781527531083481,0.0426287744227353,0.0284191829484902,0.063943161634103,0.0319715808170515,0.0746003552397869,0.0230905861456483,0.0586145648312611,0.088809946714032,0.0621669626998224,0.0142095914742451,0.0390763765541741,0.0319715808170515,0.0799289520426288,0.0728241563055062,0.019538188277087,0.0461811722912966,0.0568383658969805
"seq1079",0.0547945205479452,0.0301369863013699,0.0465753424657534,0.0520547945205479,0.00547945205479452,0.0438356164383562,0.0356164383561644,0.0794520547945206,0.0136986301369863,0.0328767123287671,0.0794520547945206,0.0794520547945206,0.0136986301369863,0.0273972602739726,0.0904109589041096,0.073972602739726,0.073972602739726,0.0301369863013699,0.0657534246575342,0.0712328767123288
"seq1080",0.102449888641425,0.0356347438752784,0.0645879732739421,0.0712694877505568,0.0022271714922049,0.044543429844098,0.0356347438752784,0.0801781737193764,0.022271714922049,0.0623608017817372,0.0868596881959911,0.0334075723830735,0.0066815144766147,0.022271714922049,0.0512249443207127,0.0512249443207127,0.066815144766147,0.044543429844098,0.0467706013363029,0.0690423162583519
"seq1081",0.0869565217391304,0.0248447204968944,0.0248447204968944,0.0248447204968944,0.0062111801242236,0.031055900621118,0.031055900621118,0.124223602484472,0.0062111801242236,0.0683229813664596,0.136645962732919,0.031055900621118,0,0.0496894409937888,0.0807453416149068,0.0745341614906832,0.0683229813664596,0.0186335403726708,0.0496894409937888,0.062111801242236
"seq1082",0.0321782178217822,0.0198019801980198,0.0396039603960396,0.0544554455445545,0.0321782178217822,0.0445544554455446,0.0272277227722772,0.0544554455445545,0.0198019801980198,0.0544554455445545,0.0767326732673267,0.0693069306930693,0.0123762376237624,0.0321782178217822,0.0792079207920792,0.121287128712871,0.0866336633663366,0.0198019801980198,0.0297029702970297,0.0940594059405941
"seq1083",0.0930232558139535,0.0775193798449612,0.108527131782946,0.0542635658914729,0.062015503875969,0.0155038759689922,0.0232558139534884,0.0930232558139535,0.00775193798449612,0.0387596899224806,0.062015503875969,0.0542635658914729,0.0155038759689922,0.0232558139534884,0.0155038759689922,0.0775193798449612,0.0542635658914729,0.0465116279069767,0.0232558139534884,0.0542635658914729
"seq1084",0.112612612612613,0.130630630630631,0.027027027027027,0.0675675675675676,0.0045045045045045,0.0720720720720721,0.027027027027027,0.0945945945945946,0.018018018018018,0.0495495495495495,0.0765765765765766,0.0315315315315315,0.0135135135135135,0.036036036036036,0.027027027027027,0.0630630630630631,0.027027027027027,0.0135135135135135,0.0045045045045045,0.103603603603604
"seq1085",0.073394495412844,0.055045871559633,0.018348623853211,0.073394495412844,0.0917431192660551,0.073394495412844,0.036697247706422,0.0825688073394495,0.0825688073394495,0.036697247706422,0.018348623853211,0.0825688073394495,0.0275229357798165,0.036697247706422,0.0458715596330275,0.0642201834862385,0.018348623853211,0.00917431192660551,0.018348623853211,0.055045871559633
"seq1086",0.0716049382716049,0.0666666666666667,0.037037037037037,0.0666666666666667,0.0222222222222222,0.0419753086419753,0.054320987654321,0.0864197530864197,0.00740740740740741,0.0641975308641975,0.103703703703704,0.0345679012345679,0.0345679012345679,0.0345679012345679,0.0641975308641975,0.0592592592592593,0.0395061728395062,0.0296296296296296,0.0395061728395062,0.0419753086419753
"seq1087",0.0334928229665072,0.0287081339712919,0.076555023923445,0.0909090909090909,0,0.0382775119617225,0.0239234449760766,0.0430622009569378,0.0191387559808612,0.0909090909090909,0.062200956937799,0.0956937799043062,0.00478468899521531,0.0574162679425837,0.0239234449760766,0.0956937799043062,0.062200956937799,0.00956937799043062,0.0717703349282297,0.0717703349282297
"seq1088",0.0505050505050505,0,0.0505050505050505,0.0505050505050505,0.0101010101010101,0.0909090909090909,0.0101010101010101,0.111111111111111,0.0202020202020202,0.0303030303030303,0.0707070707070707,0.0505050505050505,0.0202020202020202,0.0606060606060606,0.0707070707070707,0.0808080808080808,0.0505050505050505,0,0.0303030303030303,0.141414141414141
"seq1089",0.0921273031825796,0.0284757118927973,0.0469011725293132,0.067001675041876,0.0100502512562814,0.0385259631490787,0.0385259631490787,0.085427135678392,0.016750418760469,0.0452261306532663,0.0871021775544389,0.0552763819095477,0.0217755443886097,0.0385259631490787,0.0686767169179229,0.0686767169179229,0.0653266331658292,0.0201005025125628,0.0452261306532663,0.0603015075376884
"seq1090",0.0594059405940594,0.0297029702970297,0.0891089108910891,0.0495049504950495,0.0396039603960396,0.0594059405940594,0.0594059405940594,0.0693069306930693,0.0099009900990099,0.0693069306930693,0.0792079207920792,0.0495049504950495,0,0.0297029702970297,0.0099009900990099,0.118811881188119,0.099009900990099,0.0099009900990099,0.0297029702970297,0.0396039603960396
"seq1091",0.0952380952380952,0.0840336134453782,0.0224089635854342,0.0560224089635854,0.0140056022408964,0.0728291316526611,0.061624649859944,0.0784313725490196,0.0252100840336134,0.0336134453781513,0.0840336134453782,0.0280112044817927,0.0168067226890756,0.0168067226890756,0.0420168067226891,0.0700280112044818,0.0672268907563025,0.030812324929972,0.0420168067226891,0.0588235294117647
"seq1092",0.0723140495867769,0.0227272727272727,0.0516528925619835,0.0847107438016529,0.0185950413223141,0.0351239669421488,0.0247933884297521,0.0826446280991736,0.0144628099173554,0.0599173553719008,0.0764462809917355,0.0247933884297521,0.0165289256198347,0.0289256198347107,0.0392561983471074,0.111570247933884,0.0764462809917355,0.0227272727272727,0.0723140495867769,0.0640495867768595
"seq1093",0.0875912408759124,0.0291970802919708,0.0802919708029197,0.0510948905109489,0.109489051094891,0.0072992700729927,0.0291970802919708,0.0656934306569343,0.0145985401459854,0.0802919708029197,0.0510948905109489,0.0364963503649635,0.0145985401459854,0.0218978102189781,0.0583941605839416,0.072992700729927,0.0875912408759124,0.0072992700729927,0.0656934306569343,0.0291970802919708
"seq1094",0.154761904761905,0.0575396825396825,0.0476190476190476,0.0813492063492064,0.0119047619047619,0.0277777777777778,0.0277777777777778,0.0912698412698413,0.0396825396825397,0.0337301587301587,0.0615079365079365,0.0198412698412698,0.0119047619047619,0.0257936507936508,0.0515873015873016,0.0694444444444444,0.0674603174603175,0.0198412698412698,0.0357142857142857,0.0634920634920635
"seq1095",0.0670391061452514,0.053072625698324,0.053072625698324,0.0670391061452514,0.0195530726256983,0.058659217877095,0.0335195530726257,0.0446927374301676,0.0363128491620112,0.0782122905027933,0.122905027932961,0.0642458100558659,0.0251396648044693,0.0363128491620112,0.0558659217877095,0.0446927374301676,0.0391061452513966,0.00837988826815642,0.053072625698324,0.0391061452513966
"seq1096",0.0888157894736842,0.0361842105263158,0.0394736842105263,0.0378289473684211,0.0164473684210526,0.0427631578947368,0.0460526315789474,0.0888157894736842,0.03125,0.0542763157894737,0.0723684210526316,0.0328947368421053,0.0345394736842105,0.0509868421052632,0.0476973684210526,0.100328947368421,0.0641447368421053,0.00822368421052632,0.0378289473684211,0.0690789473684211
"seq1097",0.0686015831134565,0.0606860158311346,0.0343007915567282,0.0580474934036939,0.0158311345646438,0.0686015831134565,0.0448548812664908,0.0633245382585752,0.029023746701847,0.0686015831134565,0.113456464379947,0.0554089709762533,0.0263852242744063,0.0343007915567282,0.0580474934036939,0.0474934036939314,0.050131926121372,0.0079155672823219,0.0474934036939314,0.0474934036939314
"seq1098",0.0735068912710567,0.0689127105666156,0.0245022970903522,0.0444104134762634,0.0428790199081164,0.0765696784073507,0.0444104134762634,0.0765696784073507,0.0229709035222052,0.0382848392036753,0.113323124042879,0.0474732006125574,0.0168453292496172,0.0352220520673813,0.0444104134762634,0.0765696784073507,0.0505359877488515,0.00612557427258806,0.0214395099540582,0.0750382848392037
"seq1099",0.0890937019969278,0.043010752688172,0.0384024577572965,0.0368663594470046,0.0168970814132104,0.0399385560675883,0.0445468509984639,0.0967741935483871,0.032258064516129,0.0506912442396313,0.0721966205837174,0.0291858678955453,0.032258064516129,0.0476190476190476,0.0537634408602151,0.0952380952380952,0.0645161290322581,0.010752688172043,0.0368663594470046,0.0691244239631336
"seq1100",0.113846153846154,0.0707692307692308,0.0184615384615385,0.04,0.0184615384615385,0.0492307692307692,0.0215384615384615,0.0953846153846154,0.0307692307692308,0.0153846153846154,0.116923076923077,0.0430769230769231,0.04,0.0246153846153846,0.0830769230769231,0.0738461538461539,0.0276923076923077,0.00923076923076923,0.0461538461538462,0.0615384615384615
"seq1101",0.0632183908045977,0.0344827586206897,0.0574712643678161,0.0344827586206897,0.00574712643678161,0.0574712643678161,0.0574712643678161,0.0574712643678161,0.0459770114942529,0.0517241379310345,0.14367816091954,0.0689655172413793,0.00574712643678161,0.0229885057471264,0.0172413793103448,0.0747126436781609,0.0632183908045977,0.0114942528735632,0.0632183908045977,0.0632183908045977
"seq1102",0.0801652892561983,0.0694214876033058,0.0338842975206612,0.0570247933884298,0.0347107438016529,0.0950413223140496,0.0305785123966942,0.0826446280991736,0.028099173553719,0.0355371900826446,0.0859504132231405,0.0446280991735537,0.0198347107438017,0.0214876033057851,0.0677685950413223,0.0826446280991736,0.0462809917355372,0.00991735537190083,0.0181818181818182,0.056198347107438
"seq1103",0.0868347338935574,0.0420168067226891,0.0392156862745098,0.0336134453781513,0.030812324929972,0.0672268907563025,0.0168067226890756,0.0980392156862745,0.0280112044817927,0.0532212885154062,0.0952380952380952,0.0672268907563025,0.0252100840336134,0.030812324929972,0.0672268907563025,0.0560224089635854,0.0420168067226891,0.00560224089635854,0.0224089635854342,0.092436974789916
"seq1104",0.0586734693877551,0.0637755102040816,0.0255102040816327,0.0357142857142857,0.0178571428571429,0.0586734693877551,0.0510204081632653,0.0841836734693878,0.0229591836734694,0.038265306122449,0.130102040816327,0.0459183673469388,0.0331632653061225,0.0408163265306122,0.0714285714285714,0.0433673469387755,0.0433673469387755,0.0280612244897959,0.0255102040816327,0.0816326530612245
"seq1105",0.132231404958678,0.0523415977961433,0.0165289256198347,0.0578512396694215,0.0165289256198347,0.0716253443526171,0.0495867768595041,0.09366391184573,0.0220385674931129,0.0303030303030303,0.101928374655647,0.0330578512396694,0.0275482093663912,0.0358126721763085,0.0330578512396694,0.0853994490358127,0.0413223140495868,0.00275482093663912,0.0385674931129477,0.0578512396694215
"seq1106",0.0725446428571429,0.0279017857142857,0.0457589285714286,0.0770089285714286,0.0122767857142857,0.0926339285714286,0.0502232142857143,0.0424107142857143,0.0133928571428571,0.0368303571428571,0.0993303571428571,0.0669642857142857,0.0122767857142857,0.046875,0.0714285714285714,0.108258928571429,0.0513392857142857,0.0078125,0.0100446428571429,0.0546875
"seq1107",0.106918238993711,0.0691823899371069,0.0314465408805031,0.0471698113207547,0.00943396226415094,0.0786163522012579,0.0691823899371069,0.059748427672956,0.0314465408805031,0.0251572327044025,0.110062893081761,0.0283018867924528,0.0377358490566038,0.0283018867924528,0.0440251572327044,0.0786163522012579,0.059748427672956,0.0188679245283019,0.0188679245283019,0.0471698113207547
