"","A","R","N","D","C","E","Q","G","H","I","L","K","M","F","P","S","T","W","Y","V"
"seq7501",0.0815450643776824,0.0600858369098712,0.0300429184549356,0.0300429184549356,0.0171673819742489,0.0686695278969957,0.055793991416309,0.0729613733905579,0.0171673819742489,0.0515021459227468,0.128755364806867,0.0343347639484979,0.00858369098712446,0.0429184549356223,0.0643776824034335,0.0858369098712446,0.0429184549356223,0.00858369098712446,0.0300429184549356,0.0686695278969957
"seq7502",0.106824925816024,0.0830860534124629,0.0237388724035608,0.0682492581602374,0.0118694362017804,0.0741839762611276,0.0237388724035608,0.0979228486646884,0.0237388724035608,0.0385756676557863,0.0801186943620178,0.0207715133531157,0.0237388724035608,0.0652818991097923,0.0356083086053412,0.0534124629080119,0.0445103857566766,0.0178041543026706,0.0178041543026706,0.0890207715133531
"seq7503",0.0616740088105727,0.0198237885462555,0.0484581497797357,0.0374449339207048,0.0110132158590308,0.0748898678414097,0.0176211453744493,0.0682819383259912,0.0330396475770925,0.0572687224669604,0.101321585903084,0.0748898678414097,0.0220264317180617,0.0638766519823789,0.0572687224669604,0.0704845814977974,0.0726872246696035,0.0154185022026432,0.0110132158590308,0.0814977973568282
"seq7504",0.0818858560794045,0.0446650124069479,0.0595533498759305,0.0744416873449131,0.00496277915632754,0.0496277915632754,0.00496277915632754,0.0893300248138958,0.0347394540942928,0.0769230769230769,0.0818858560794045,0.0421836228287841,0.0223325062034739,0.0446650124069479,0.0570719602977667,0.054590570719603,0.0769230769230769,0.00496277915632754,0.0347394540942928,0.0595533498759305
"seq7505",0.0955882352941176,0.0441176470588235,0.0147058823529412,0.0882352941176471,0.00367647058823529,0.0367647058823529,0.0551470588235294,0.0919117647058824,0.0220588235294118,0.0441176470588235,0.0955882352941176,0.0551470588235294,0.0183823529411765,0.0661764705882353,0.0404411764705882,0.0404411764705882,0.0625,0.0147058823529412,0.0330882352941176,0.0772058823529412
"seq7506",0.0823798627002288,0.0434782608695652,0.0411899313501144,0.068649885583524,0.0045766590389016,0.091533180778032,0.0297482837528604,0.0778032036613272,0.0068649885583524,0.0526315789473684,0.0938215102974828,0.0892448512585812,0.0205949656750572,0.0320366132723112,0.0411899313501144,0.0732265446224256,0.0663615560640732,0.0091533180778032,0.0274599542334096,0.0480549199084668
"seq7507",0.052437223042836,0.0598227474150665,0.0598227474150665,0.0657311669128508,0.0132939438700148,0.116691285081241,0.0598227474150665,0.0310192023633678,0.0206794682422452,0.0361890694239291,0.105612998522895,0.100443131462334,0.0288035450516987,0.0310192023633678,0.0251107828655835,0.0620384047267356,0.0450516986706056,0.00812407680945347,0.0265878877400295,0.051698670605613
"seq7508",0.087378640776699,0.058252427184466,0.0388349514563107,0.0679611650485437,0.0194174757281553,0.0388349514563107,0.0679611650485437,0.0485436893203883,0,0.087378640776699,0.0679611650485437,0.0679611650485437,0.029126213592233,0.00970873786407767,0.00970873786407767,0.0970873786407767,0.0388349514563107,0.0388349514563107,0.00970873786407767,0.116504854368932
"seq7509",0.0666666666666667,0.0358974358974359,0.041025641025641,0.0512820512820513,0.00769230769230769,0.0846153846153846,0.0205128205128205,0.0948717948717949,0.0384615384615385,0.058974358974359,0.0820512820512821,0.0564102564102564,0.0205128205128205,0.0564102564102564,0.0461538461538462,0.0692307692307692,0.0564102564102564,0.00769230769230769,0.0384615384615385,0.0666666666666667
"seq7510",0.119305856832972,0.0650759219088937,0.03470715835141,0.0715835140997831,0.00216919739696312,0.0542299349240781,0.0260303687635575,0.0824295010845987,0.0281995661605206,0.0563991323210412,0.0802603036876356,0.017353579175705,0.0216919739696312,0.0325379609544469,0.0477223427331887,0.0563991323210412,0.06941431670282,0.0151843817787419,0.0195227765726681,0.0997830802603037
"seq7511",0.0471698113207547,0.0566037735849057,0.0330188679245283,0.0613207547169811,0.00943396226415094,0.0660377358490566,0.0377358490566038,0.0518867924528302,0.0235849056603774,0.0943396226415094,0.113207547169811,0.0707547169811321,0.0330188679245283,0.0283018867924528,0.0330188679245283,0.0424528301886792,0.080188679245283,0,0.0188679245283019,0.0990566037735849
"seq7512",0.0784313725490196,0.0318627450980392,0.0441176470588235,0.0637254901960784,0.0220588235294118,0.0735294117647059,0.017156862745098,0.0955882352941176,0.017156862745098,0.0735294117647059,0.071078431372549,0.0661764705882353,0.0367647058823529,0.0514705882352941,0.0588235294117647,0.0514705882352941,0.0343137254901961,0.0147058823529412,0.0367647058823529,0.0612745098039216
"seq7513",0.0443213296398892,0.0332409972299169,0.0609418282548476,0.0886426592797784,0.0110803324099723,0.0526315789473684,0.0193905817174515,0.0858725761772853,0.0193905817174515,0.0803324099722992,0.0554016620498615,0.0886426592797784,0.0277008310249307,0.0498614958448753,0.0498614958448753,0.0443213296398892,0.0498614958448753,0.00554016620498615,0.03601108033241,0.0969529085872576
"seq7514",0.0714285714285714,0.0714285714285714,0.0510204081632653,0.0510204081632653,0,0.076530612244898,0.0102040816326531,0.0816326530612245,0.00510204081632653,0.0459183673469388,0.0969387755102041,0.0612244897959184,0.0255102040816327,0.0561224489795918,0.0510204081632653,0.0459183673469388,0.0510204081632653,0.00510204081632653,0.0306122448979592,0.112244897959184
"seq7515",0.117460317460317,0.0476190476190476,0.0412698412698413,0.0507936507936508,0.0285714285714286,0.0793650793650794,0.0222222222222222,0.0698412698412698,0.00317460317460317,0.0698412698412698,0.0603174603174603,0.0444444444444444,0.0253968253968254,0.0158730158730159,0.0603174603174603,0.0412698412698413,0.073015873015873,0.0126984126984127,0.0317460317460317,0.104761904761905
"seq7516",0.0573770491803279,0.040983606557377,0.0714285714285714,0.0503512880562061,0.0105386416861827,0.0655737704918033,0.0210772833723653,0.115925058548009,0.0187353629976581,0.0796252927400468,0.0667447306791569,0.0468384074941452,0.0117096018735363,0.0351288056206089,0.0269320843091335,0.0936768149882904,0.0667447306791569,0.00936768149882904,0.0374707259953162,0.0737704918032787
"seq7517",0.062874251497006,0.0464071856287425,0.0643712574850299,0.0823353293413174,0.00898203592814371,0.062874251497006,0.0404191616766467,0.0464071856287425,0.0209580838323353,0.0688622754491018,0.0853293413173653,0.0658682634730539,0.0149700598802395,0.0404191616766467,0.0658682634730539,0.0434131736526946,0.0688622754491018,0.0164670658682635,0.0449101796407186,0.0494011976047904
"seq7518",0.0952380952380952,0.00680272108843537,0.054421768707483,0.0272108843537415,0,0.122448979591837,0.0272108843537415,0.0476190476190476,0.0408163265306122,0.0272108843537415,0.115646258503401,0.0612244897959184,0.0408163265306122,0.0340136054421769,0.0136054421768707,0.054421768707483,0.0816326530612245,0.0204081632653061,0.0476190476190476,0.0816326530612245
"seq7519",0.101694915254237,0.0474576271186441,0.0474576271186441,0.0847457627118644,0.0101694915254237,0.0610169491525424,0.0474576271186441,0.0542372881355932,0.0169491525423729,0.0542372881355932,0.0813559322033898,0.0779661016949153,0.0271186440677966,0.0372881355932203,0.0305084745762712,0.0644067796610169,0.0406779661016949,0.0169491525423729,0.0203389830508475,0.0779661016949153
"seq7520",0.0947075208913649,0.0222841225626741,0.0389972144846797,0.0612813370473538,0,0.0501392757660167,0.0194986072423398,0.0668523676880223,0.00835654596100279,0.0696378830083565,0.0891364902506964,0.0891364902506964,0.00557103064066852,0.0445682451253482,0.0417827298050139,0.0947075208913649,0.0696378830083565,0.00557103064066852,0.0278551532033426,0.100278551532033
"seq7521",0.0836236933797909,0.0348432055749129,0.0557491289198606,0.0522648083623693,0.00696864111498258,0.0487804878048781,0.0592334494773519,0.0905923344947735,0.0313588850174216,0.0662020905923345,0.0801393728222996,0.0487804878048781,0.0174216027874564,0.0452961672473868,0.0348432055749129,0.0592334494773519,0.0522648083623693,0.00348432055749129,0.0522648083623693,0.0766550522648084
"seq7522",0.0970873786407767,0.0679611650485437,0.058252427184466,0.0679611650485437,0,0.116504854368932,0.058252427184466,0.058252427184466,0.00970873786407767,0.0970873786407767,0.087378640776699,0.029126213592233,0.029126213592233,0.0388349514563107,0.0388349514563107,0.0194174757281553,0.058252427184466,0,0.0194174757281553,0.0485436893203883
"seq7523",0.117988394584139,0.0812379110251451,0.02321083172147,0.0599613152804642,0.02321083172147,0.0522243713733075,0.0406189555125725,0.0754352030947776,0.0270793036750484,0.0270793036750484,0.141199226305609,0.011605415860735,0.00967117988394584,0.0444874274661509,0.0696324951644101,0.0618955512572534,0.0406189555125725,0.0135396518375242,0.02321083172147,0.0560928433268859
"seq7524",0.0924092409240924,0.066006600660066,0.0429042904290429,0.0429042904290429,0.0066006600660066,0.0792079207920792,0.0363036303630363,0.115511551155116,0.0132013201320132,0.0627062706270627,0.0792079207920792,0.0363036303630363,0.0429042904290429,0.0231023102310231,0.0462046204620462,0.0561056105610561,0.0627062706270627,0.0099009900990099,0.0198019801980198,0.066006600660066
"seq7525",0.0888157894736842,0.0559210526315789,0.0230263157894737,0.0625,0.0263157894736842,0.0427631578947368,0.0427631578947368,0.0756578947368421,0.0394736842105263,0.0526315789473684,0.101973684210526,0.0328947368421053,0.0230263157894737,0.0526315789473684,0.0625,0.0493421052631579,0.0690789473684211,0.0164473684210526,0.0328947368421053,0.0493421052631579
"seq7526",0.127272727272727,0.0318181818181818,0.0318181818181818,0.0681818181818182,0.0136363636363636,0.0590909090909091,0.0318181818181818,0.0681818181818182,0.0272727272727273,0.0681818181818182,0.0772727272727273,0.05,0.0318181818181818,0.0454545454545455,0.0363636363636364,0.05,0.0545454545454545,0.00454545454545455,0.0227272727272727,0.1
"seq7527",0.0605762127554789,0.108347697611426,0.0152671755725191,0.0546663383403103,0.00049248953459739,0.0630386604284659,0.090371829598621,0.127554789460724,0.101699088894361,0.00935730115735041,0.0105885249938439,0.0140359517360256,0.00123122383649347,0.00590987441516868,0.0169908889436099,0.240581137650825,0.0408766313715834,0.00517114011327259,0.0128047278995321,0.0204383156857917
"seq7528",0.0767590618336887,0.0650319829424307,0.0479744136460554,0.0437100213219616,0.0127931769722814,0.0628997867803838,0.0362473347547974,0.0639658848614073,0.0245202558635394,0.0575692963752665,0.0842217484008529,0.0565031982942431,0.0319829424307036,0.0458422174840085,0.0415778251599147,0.0767590618336887,0.0575692963752665,0.0159914712153518,0.0277185501066098,0.070362473347548
"seq7529",0.0767590618336887,0.0650319829424307,0.046908315565032,0.0437100213219616,0.0127931769722814,0.0628997867803838,0.0362473347547974,0.0639658848614073,0.023454157782516,0.0565031982942431,0.0874200426439232,0.0575692963752665,0.0309168443496802,0.0437100213219616,0.0415778251599147,0.0778251599147122,0.0575692963752665,0.0159914712153518,0.0277185501066098,0.0714285714285714
"seq7530",0.0869565217391304,0.0396975425330813,0.0623818525519849,0.052930056710775,0.0113421550094518,0.0642722117202268,0.0491493383742911,0.0586011342155009,0.0151228733459357,0.0699432892249527,0.0982986767485822,0.052930056710775,0.0151228733459357,0.0283553875236295,0.0491493383742911,0.0661625708884688,0.0680529300567108,0.0132325141776938,0.0151228733459357,0.0831758034026465
"seq7531",0.0956810631229236,0.0588039867109635,0.0285714285714286,0.0421926910299003,0.032890365448505,0.039202657807309,0.0322259136212625,0.0827242524916944,0.0212624584717608,0.0435215946843854,0.0983388704318937,0.0315614617940199,0.0215946843853821,0.0292358803986711,0.0674418604651163,0.0704318936877076,0.0717607973421927,0.0219269102990033,0.032890365448505,0.0777408637873754
"seq7532",0.0614035087719298,0.087719298245614,0.0526315789473684,0.0789473684210526,0.043859649122807,0.043859649122807,0.0350877192982456,0.087719298245614,0.0087719298245614,0.0263157894736842,0.0789473684210526,0.0175438596491228,0.0263157894736842,0.0263157894736842,0.043859649122807,0.0789473684210526,0.0263157894736842,0.0175438596491228,0.0350877192982456,0.12280701754386
"seq7533",0.0774193548387097,0.0516129032258065,0.0451612903225806,0.032258064516129,0,0.0838709677419355,0.00645161290322581,0.103225806451613,0.0193548387096774,0.0516129032258065,0.0838709677419355,0.0709677419354839,0.0193548387096774,0.0516129032258065,0.0580645161290323,0.0645161290322581,0.0387096774193548,0.00645161290322581,0.0193548387096774,0.116129032258065
"seq7534",0.0923281301893059,0.0574559946861508,0.0292261707074062,0.0401859847226835,0.034207904350714,0.0381932912653603,0.0298904018598472,0.0836931252075722,0.0232480903354367,0.0441713716373298,0.101627366323481,0.0318830953171704,0.0182663566921289,0.0285619395549651,0.0697442710063102,0.0694121554300897,0.0720690800398539,0.0235802059116573,0.032879442045832,0.0793756227167054
"seq7535",0.0926602457655264,0.0594486881434739,0.0288940551311857,0.0408502158751245,0.034207904350714,0.0385254068415809,0.0295582862836267,0.0830288940551312,0.0229159747592162,0.0438392560611093,0.10129525074726,0.0315509797409498,0.0179342411159083,0.0278977084025241,0.0694121554300897,0.0694121554300897,0.0730654267685154,0.0235802059116573,0.032879442045832,0.0790435071404849
"seq7536",0.0920265780730897,0.0578073089700997,0.0289036544850498,0.0421926910299003,0.0318936877076412,0.039202657807309,0.0302325581395349,0.0807308970099668,0.0219269102990033,0.0428571428571429,0.100332225913621,0.0332225913621262,0.0205980066445183,0.0292358803986711,0.0691029900332226,0.072093023255814,0.073421926910299,0.0209302325581395,0.0332225913621262,0.0800664451827243
"seq7537",0.0915277305205852,0.0598843143926506,0.0289214018373596,0.0398094589996597,0.0343654304185097,0.039128955427016,0.0296019054100034,0.0843824430078258,0.022456617897244,0.0432119768628785,0.100034025178632,0.030622660768969,0.0190541000340252,0.0282408982647159,0.0694113644096632,0.0711126233412725,0.0724736304865601,0.0227968696835658,0.0319836679142566,0.080979925144607
"seq7538",0.0913621262458472,0.0581395348837209,0.0275747508305648,0.0421926910299003,0.0325581395348837,0.039202657807309,0.0305647840531561,0.0817275747508306,0.0215946843853821,0.0431893687707641,0.100664451827243,0.0318936877076412,0.0209302325581395,0.0285714285714286,0.0697674418604651,0.073421926910299,0.0727574750830565,0.0215946843853821,0.032890365448505,0.0794019933554817
"seq7539",0.0896801846356742,0.0576986482030992,0.0270359380151665,0.0448400923178371,0.0280250576986482,0.0389053742169469,0.0306627101879327,0.0824266402901418,0.0207715133531157,0.0487965710517639,0.098252555225849,0.0346191889218595,0.0194526871084735,0.0303330036267722,0.0669304319155951,0.0731948565776459,0.0728651500164853,0.0224200461589186,0.0329706561160567,0.0801186943620178
"seq7540",0.0893687707641196,0.0578073089700997,0.0299003322259136,0.0425249169435216,0.0308970099667774,0.0378737541528239,0.0302325581395349,0.0823920265780731,0.0212624584717608,0.0425249169435216,0.0976744186046512,0.0335548172757475,0.0192691029900332,0.0308970099667774,0.0667774086378738,0.073421926910299,0.0754152823920266,0.0219269102990033,0.0338870431893688,0.0823920265780731
"seq7541",0.0526315789473684,0.0592105263157895,0.0723684210526316,0.0526315789473684,0.00657894736842105,0.0789473684210526,0.0526315789473684,0.0394736842105263,0.00657894736842105,0.0526315789473684,0.0657894736842105,0.0394736842105263,0.0263157894736842,0.0460526315789474,0.0921052631578947,0.105263157894737,0.0394736842105263,0.0197368421052632,0.0328947368421053,0.0592105263157895
"seq7542",0.162568306010929,0.0560109289617486,0.0286885245901639,0.0382513661202186,0.0122950819672131,0.064207650273224,0.0355191256830601,0.0806010928961749,0.0122950819672131,0.0614754098360656,0.12431693989071,0.0341530054644809,0.0177595628415301,0.0245901639344262,0.040983606557377,0.0478142076502732,0.0669398907103825,0.00819672131147541,0.00819672131147541,0.0751366120218579
"seq7543",0.063752276867031,0.0649666059502125,0.0303582270795386,0.0497874924104432,0.00607164541590771,0.092896174863388,0.0588949605343048,0.0728597449908925,0.0255009107468124,0.0406800242865817,0.0856102003642987,0.0789313904068002,0.0333940497874924,0.0206435944140862,0.0886460230722526,0.0686095931997571,0.0418943533697632,0.00667880995749848,0.0248937462052216,0.0449301760777171
"seq7544",0.0932475884244373,0.0482315112540193,0.0546623794212219,0.0418006430868167,0.00964630225080386,0.045016077170418,0.0418006430868167,0.0964630225080386,0.0192926045016077,0.0643086816720257,0.067524115755627,0.045016077170418,0.00964630225080386,0.0289389067524116,0.0418006430868167,0.067524115755627,0.0803858520900322,0.0385852090032154,0.0546623794212219,0.0514469453376206
"seq7545",0.120107962213225,0.0364372469635627,0.0323886639676113,0.0715249662618084,0.00404858299595142,0.0526315789473684,0.039136302294197,0.0688259109311741,0.0202429149797571,0.0647773279352227,0.0904183535762483,0.0782726045883941,0.0229419703103914,0.0242914979757085,0.0499325236167341,0.0647773279352227,0.0566801619433198,0.00944669365721997,0.0310391363022942,0.0620782726045884
"seq7546",0.0889423076923077,0.0384615384615385,0.0360576923076923,0.0576923076923077,0.0168269230769231,0.0649038461538462,0.0480769230769231,0.0889423076923077,0.0264423076923077,0.0673076923076923,0.0841346153846154,0.0528846153846154,0.0264423076923077,0.0360576923076923,0.0576923076923077,0.0456730769230769,0.0600961538461538,0.0168269230769231,0.03125,0.0552884615384615
"seq7547",0.108108108108108,0.0675675675675676,0.018018018018018,0.0810810810810811,0.0135135135135135,0.0630630630630631,0.027027027027027,0.045045045045045,0.00900900900900901,0.0405405405405405,0.148648648648649,0.036036036036036,0.036036036036036,0.018018018018018,0.0675675675675676,0.0720720720720721,0.0315315315315315,0.0135135135135135,0.0135135135135135,0.0900900900900901
"seq7548",0.129186602870813,0.0813397129186603,0.0287081339712919,0.0717703349282297,0.00478468899521531,0.0430622009569378,0.0574162679425837,0.0382775119617225,0.0334928229665072,0.0430622009569378,0.138755980861244,0.0191387559808612,0.0239234449760766,0.0191387559808612,0.0717703349282297,0.0574162679425837,0.0239234449760766,0.0239234449760766,0.0287081339712919,0.062200956937799
"seq7549",0.10580204778157,0.0784982935153584,0.0136518771331058,0.0853242320819113,0.00341296928327645,0.0716723549488055,0.0307167235494881,0.0955631399317406,0.0307167235494881,0.037542662116041,0.068259385665529,0.0102389078498294,0.0238907849829352,0.0477815699658703,0.068259385665529,0.0477815699658703,0.0716723549488055,0.0170648464163823,0.0136518771331058,0.0784982935153584
"seq7550",0.103825136612022,0.040983606557377,0.0546448087431694,0.0382513661202186,0.0191256830601093,0.00819672131147541,0.0519125683060109,0.109289617486339,0.0136612021857923,0.0273224043715847,0.0437158469945355,0.0109289617486339,0.0109289617486339,0.0273224043715847,0.087431693989071,0.0983606557377049,0.109289617486339,0.0382513661202186,0.0327868852459016,0.0737704918032787
"seq7551",0.145363408521303,0.0651629072681704,0.0075187969924812,0.0551378446115288,0.0225563909774436,0.050125313283208,0.0651629072681704,0.0977443609022556,0.037593984962406,0.0526315789473684,0.100250626566416,0.0050125313283208,0.0225563909774436,0.0300751879699248,0.0601503759398496,0.0300751879699248,0.0526315789473684,0.0150375939849624,0.0200501253132832,0.0651629072681704
"seq7552",0.121019108280255,0.0414012738853503,0.0222929936305732,0.0605095541401274,0.0286624203821656,0.0636942675159236,0.035031847133758,0.089171974522293,0.0286624203821656,0.0605095541401274,0.0668789808917197,0.0700636942675159,0.0254777070063694,0.0222929936305732,0.0191082802547771,0.054140127388535,0.0700636942675159,0.00955414012738853,0.0318471337579618,0.0796178343949045
"seq7553",0.0413793103448276,0.0666666666666667,0.0413793103448276,0.0597701149425287,0.0137931034482759,0.0827586206896552,0.0413793103448276,0.0735632183908046,0.0160919540229885,0.0827586206896552,0.0850574712643678,0.064367816091954,0.0344827586206897,0.0344827586206897,0.0436781609195402,0.0551724137931034,0.064367816091954,0.00689655172413793,0.0298850574712644,0.0620689655172414
"seq7554",0.106212424849699,0.0400801603206413,0.0541082164328657,0.064128256513026,0.00801603206412826,0.0280561122244489,0.0541082164328657,0.0861723446893788,0.0160320641282565,0.0440881763527054,0.0801603206412826,0.0420841683366733,0.0220440881763527,0.0400801603206413,0.0521042084168337,0.0541082164328657,0.0601202404809619,0.0240480961923848,0.0681362725450902,0.0561122244488978
"seq7555",0.102204408817635,0.0400801603206413,0.0521042084168337,0.062124248496994,0.00801603206412826,0.030060120240481,0.0541082164328657,0.0861723446893788,0.0160320641282565,0.0420841683366733,0.0781563126252505,0.0420841683366733,0.0220440881763527,0.0400801603206413,0.0521042084168337,0.0581162324649299,0.062124248496994,0.0240480961923848,0.0681362725450902,0.0601202404809619
"seq7556",0.147321428571429,0.0982142857142857,0.00446428571428571,0.0714285714285714,0,0.0714285714285714,0.0267857142857143,0.0625,0.0223214285714286,0.0357142857142857,0.107142857142857,0.0178571428571429,0.03125,0.0401785714285714,0.0223214285714286,0.0803571428571429,0.0491071428571429,0.00892857142857143,0.0446428571428571,0.0580357142857143
"seq7557",0.0721649484536082,0.0541237113402062,0.0206185567010309,0.0721649484536082,0.0103092783505155,0.0902061855670103,0.038659793814433,0.077319587628866,0.0283505154639175,0.0283505154639175,0.0747422680412371,0.0412371134020619,0.0180412371134021,0.0541237113402062,0.0618556701030928,0.0515463917525773,0.0489690721649485,0.0309278350515464,0.0283505154639175,0.0979381443298969
"seq7558",0.0547945205479452,0.0438356164383562,0.0520547945205479,0.0520547945205479,0.0191780821917808,0.073972602739726,0.0136986301369863,0.0958904109589041,0.0219178082191781,0.073972602739726,0.0657534246575342,0.0821917808219178,0.0356164383561644,0.0493150684931507,0.0410958904109589,0.0712328767123288,0.063013698630137,0.00273972602739726,0.0356164383561644,0.0520547945205479
"seq7559",0.0539419087136929,0.0518672199170125,0.029045643153527,0.0394190871369295,0.0394190871369295,0.0622406639004149,0.04149377593361,0.0560165975103734,0.029045643153527,0.0518672199170125,0.0995850622406639,0.0643153526970954,0.0269709543568465,0.0311203319502075,0.0871369294605809,0.0954356846473029,0.0726141078838174,0.004149377593361,0.0228215767634855,0.04149377593361
"seq7560",0.0642054574638844,0.0449438202247191,0.0497592295345104,0.0626003210272873,0.014446227929374,0.0561797752808989,0.0465489566613162,0.0658105939004815,0.0224719101123595,0.0417335473515249,0.0706260032102729,0.0481540930979133,0.0272873194221509,0.057784911717496,0.0706260032102729,0.0802568218298555,0.07223113964687,0.014446227929374,0.0240770465489567,0.0658105939004815
"seq7561",0.040590405904059,0.0516605166051661,0.025830258302583,0.0516605166051661,0.022140221402214,0.0701107011070111,0.044280442804428,0.0590405904059041,0.03690036900369,0.0627306273062731,0.0996309963099631,0.0553505535055351,0.044280442804428,0.0590405904059041,0.025830258302583,0.0885608856088561,0.0885608856088561,0.003690036900369,0.014760147601476,0.0553505535055351
"seq7562",0.0855263157894737,0.0131578947368421,0.00657894736842105,0.0723684210526316,0.0394736842105263,0.0657894736842105,0.0394736842105263,0.0723684210526316,0.0197368421052632,0.0197368421052632,0.0723684210526316,0.0657894736842105,0.0131578947368421,0.0328947368421053,0.0394736842105263,0.131578947368421,0.0855263157894737,0,0.0394736842105263,0.0855263157894737
"seq7563",0.0445632798573975,0.0552584670231729,0.0303030303030303,0.0766488413547237,0.0142602495543672,0.0677361853832442,0.0285204991087344,0.0552584670231729,0.0320855614973262,0.0427807486631016,0.106951871657754,0.0641711229946524,0.0285204991087344,0.0606060606060606,0.0427807486631016,0.0730837789661319,0.0606060606060606,0.0089126559714795,0.0552584670231729,0.0516934046345811
"seq7564",0.108374384236453,0.0714285714285714,0.0147783251231527,0.083743842364532,0.00738916256157635,0.061576354679803,0.0344827586206897,0.061576354679803,0.0295566502463054,0.0344827586206897,0.113300492610837,0.0221674876847291,0.0197044334975369,0.0541871921182266,0.0738916256157636,0.0320197044334975,0.0665024630541872,0.0147783251231527,0.0147783251231527,0.0812807881773399
"seq7565",0.0979591836734694,0.0612244897959184,0.036734693877551,0.0775510204081633,0.0122448979591837,0.0612244897959184,0.0285714285714286,0.0775510204081633,0.0204081632653061,0.036734693877551,0.0693877551020408,0.0489795918367347,0.0204081632653061,0.0775510204081633,0.0448979591836735,0.0612244897959184,0.0326530612244898,0.0204081632653061,0.036734693877551,0.0775510204081633
"seq7566",0.20532319391635,0.0532319391634981,0.0228136882129278,0.0380228136882129,0,0.0608365019011407,0.00380228136882129,0.133079847908745,0.0114068441064639,0.0342205323193916,0.0760456273764259,0.0228136882129278,0.0114068441064639,0.0342205323193916,0.0342205323193916,0.0532319391634981,0.064638783269962,0,0.0380228136882129,0.102661596958175
"seq7567",0.0731707317073171,0.0146341463414634,0.0536585365853659,0.0926829268292683,0,0.0439024390243902,0.0390243902439024,0.0975609756097561,0.0292682926829268,0.0487804878048781,0.0634146341463415,0.0536585365853659,0.0585365853658537,0.0439024390243902,0.0390243902439024,0.117073170731707,0.0585365853658537,0.0048780487804878,0.0390243902439024,0.0292682926829268
"seq7568",0.0731707317073171,0.0146341463414634,0.0487804878048781,0.0926829268292683,0.0048780487804878,0.0439024390243902,0.0390243902439024,0.0975609756097561,0.0341463414634146,0.0487804878048781,0.0634146341463415,0.0536585365853659,0.0536585365853659,0.0439024390243902,0.0390243902439024,0.11219512195122,0.0585365853658537,0.0048780487804878,0.0390243902439024,0.0341463414634146
"seq7569",0.0642701525054466,0.0403050108932462,0.0555555555555556,0.0740740740740741,0.0108932461873638,0.0457516339869281,0.0272331154684096,0.0806100217864924,0.0206971677559913,0.0555555555555556,0.0708061002178649,0.0446623093681917,0.0206971677559913,0.0359477124183007,0.042483660130719,0.0718954248366013,0.0915032679738562,0.0239651416122004,0.0544662309368192,0.0686274509803922
"seq7570",0.0768156424581006,0.0907821229050279,0.0223463687150838,0.0432960893854749,0.0111731843575419,0.100558659217877,0.0628491620111732,0.058659217877095,0.0195530726256983,0.0167597765363128,0.0977653631284916,0.0391061452513966,0.0111731843575419,0.0195530726256983,0.0865921787709497,0.0782122905027933,0.053072625698324,0.0139664804469274,0.0181564245810056,0.079608938547486
"seq7571",0.0648967551622419,0.0619469026548673,0.0294985250737463,0.0884955752212389,0.0117994100294985,0.0648967551622419,0.0383480825958702,0.056047197640118,0.0117994100294985,0.0678466076696165,0.100294985250737,0.0943952802359882,0.0265486725663717,0.0206489675516224,0.0206489675516224,0.0766961651917404,0.0530973451327434,0.00294985250737463,0.056047197640118,0.0530973451327434
"seq7572",0.058252427184466,0.0436893203883495,0.0485436893203883,0.0558252427184466,0.0194174757281553,0.0728155339805825,0.0266990291262136,0.087378640776699,0.0145631067961165,0.0655339805825243,0.0752427184466019,0.0679611650485437,0.0315533980582524,0.0533980582524272,0.0485436893203883,0.058252427184466,0.0436893203883495,0.0169902912621359,0.0436893203883495,0.0679611650485437
"seq7573",0.0866920152091255,0.0859315589353612,0.020532319391635,0.0547528517110266,0.00380228136882129,0.0692015209125475,0.0395437262357414,0.0798479087452472,0.0228136882129278,0.0395437262357414,0.121673003802281,0.0243346007604563,0.0281368821292776,0.0288973384030418,0.0722433460076046,0.0653992395437262,0.0509505703422053,0.0121673003802281,0.0258555133079848,0.067680608365019
"seq7574",0.103932584269663,0.0589887640449438,0.0421348314606742,0.0421348314606742,0.0252808988764045,0.0730337078651685,0.0589887640449438,0.0561797752808989,0.00280898876404494,0.0674157303370786,0.106741573033708,0.0337078651685393,0.0112359550561798,0.0252808988764045,0.0561797752808989,0.050561797752809,0.0561797752808989,0.0112359550561798,0.0393258426966292,0.0786516853932584
"seq7575",0.0905797101449275,0.0615942028985507,0.036231884057971,0.0471014492753623,0.0144927536231884,0.0905797101449275,0.0434782608695652,0.0869565217391304,0.0072463768115942,0.0471014492753623,0.105072463768116,0.0652173913043478,0.036231884057971,0.0289855072463768,0.0398550724637681,0.036231884057971,0.0507246376811594,0.0253623188405797,0.0289855072463768,0.0579710144927536
"seq7576",0.0768175582990398,0.0795610425240055,0.0411522633744856,0.0548696844993141,0.00411522633744856,0.0672153635116598,0.0438957475994513,0.0754458161865569,0.0219478737997256,0.037037037037037,0.093278463648834,0.0315500685871056,0.0288065843621399,0.0438957475994513,0.046639231824417,0.0631001371742112,0.0480109739368999,0.0205761316872428,0.0521262002743484,0.0699588477366255
"seq7577",0.0833333333333333,0.0289855072463768,0.0289855072463768,0.036231884057971,0.0289855072463768,0.0760869565217391,0.036231884057971,0.0615942028985507,0.036231884057971,0.0833333333333333,0.101449275362319,0.0615942028985507,0.0108695652173913,0.0253623188405797,0.0398550724637681,0.0652173913043478,0.0688405797101449,0.0036231884057971,0.0289855072463768,0.0942028985507246
"seq7578",0.0485436893203883,0.0388349514563107,0.087378640776699,0.0679611650485437,0.00970873786407767,0.0388349514563107,0.0194174757281553,0.0776699029126214,0.00970873786407767,0.0485436893203883,0.0485436893203883,0.0679611650485437,0.00970873786407767,0.0776699029126214,0.0194174757281553,0.116504854368932,0.058252427184466,0.00970873786407767,0.0194174757281553,0.12621359223301
"seq7579",0.152823920265781,0.053156146179402,0.0332225913621262,0.0564784053156146,0.0332225913621262,0.0365448504983389,0.0431893687707641,0.0764119601328904,0.0332225913621262,0.0299003322259136,0.0581395348837209,0.026578073089701,0.0199335548172757,0.0315614617940199,0.0481727574750831,0.0598006644518272,0.0647840531561462,0.0116279069767442,0.0299003322259136,0.101328903654485
"seq7580",0.0469483568075117,0.0375586854460094,0.0375586854460094,0.07981220657277,0,0.0845070422535211,0.028169014084507,0.0563380281690141,0.0328638497652582,0.0469483568075117,0.0938967136150235,0.0845070422535211,0.00469483568075117,0.0469483568075117,0.0563380281690141,0.07981220657277,0.0657276995305164,0.0375586854460094,0.00938967136150235,0.0704225352112676
"seq7581",0.0657894736842105,0.0279605263157895,0.0460526315789474,0.0476973684210526,0.0148026315789474,0.0641447368421053,0.0444078947368421,0.0378289473684211,0.0378289473684211,0.0625,0.121710526315789,0.0608552631578947,0.0115131578947368,0.0509868421052632,0.0361842105263158,0.0986842105263158,0.0674342105263158,0.00986842105263158,0.0625,0.03125
"seq7582",0.0704761904761905,0.0628571428571429,0.04,0.0476190476190476,0.00761904761904762,0.0895238095238095,0.0361904761904762,0.0742857142857143,0.0266666666666667,0.0704761904761905,0.0990476190476191,0.0647619047619048,0.0247619047619048,0.0476190476190476,0.0438095238095238,0.0438095238095238,0.060952380952381,0.00952380952380952,0.0285714285714286,0.0514285714285714
"seq7583",0.116197183098592,0.0387323943661972,0.0422535211267606,0.0492957746478873,0.00704225352112676,0.0845070422535211,0.123239436619718,0.0457746478873239,0.0105633802816901,0.0457746478873239,0.161971830985915,0.0316901408450704,0.0176056338028169,0.028169014084507,0.0387323943661972,0.0352112676056338,0.0492957746478873,0.00704225352112676,0.028169014084507,0.0387323943661972
"seq7584",0.0437956204379562,0.0583941605839416,0.0510948905109489,0.0535279805352798,0.0267639902676399,0.0608272506082725,0.0462287104622871,0.0656934306569343,0.0218978102189781,0.0340632603406326,0.0778588807785888,0.0510948905109489,0.0437956204379562,0.0510948905109489,0.0802919708029197,0.0924574209245742,0.0656934306569343,0.0145985401459854,0.0291970802919708,0.0316301703163017
"seq7585",0.13166144200627,0.0438871473354232,0.0125391849529781,0.0501567398119122,0.0125391849529781,0.0470219435736677,0.0313479623824451,0.0877742946708464,0.0344827586206897,0.0532915360501567,0.112852664576803,0.0532915360501567,0.0282131661442006,0.0282131661442006,0.0501567398119122,0.0783699059561129,0.0564263322884013,0,0.00626959247648903,0.0815047021943574
"seq7586",0.154440154440154,0.0733590733590734,0.0218790218790219,0.0527670527670528,0.0167310167310167,0.0489060489060489,0.0321750321750322,0.0952380952380952,0.036036036036036,0.0463320463320463,0.0862290862290862,0.0231660231660232,0.018018018018018,0.0373230373230373,0.0579150579150579,0.0514800514800515,0.0579150579150579,0.0115830115830116,0.0193050193050193,0.0592020592020592
"seq7587",0.0893617021276596,0.0382978723404255,0.0425531914893617,0.0553191489361702,0.0127659574468085,0.0680851063829787,0.0297872340425532,0.0851063829787234,0.0127659574468085,0.0638297872340425,0.0808510638297872,0.0553191489361702,0.0382978723404255,0.0382978723404255,0.0212765957446809,0.0468085106382979,0.0851063829787234,0,0.0425531914893617,0.0936170212765957
"seq7588",0.123376623376623,0.0844155844155844,0.038961038961039,0.0454545454545455,0.025974025974026,0.0584415584415584,0.051948051948052,0.0454545454545455,0.0324675324675325,0.0324675324675325,0.0909090909090909,0,0.038961038961039,0.025974025974026,0.0974025974025974,0.051948051948052,0.0649350649350649,0,0.025974025974026,0.0649350649350649
"seq7589",0.0365853658536585,0.0569105691056911,0.0365853658536585,0.0691056910569106,0.024390243902439,0.0813008130081301,0.0203252032520325,0.0934959349593496,0.0447154471544715,0.0447154471544715,0.0772357723577236,0.0691056910569106,0.040650406504065,0.0447154471544715,0.024390243902439,0.032520325203252,0.0528455284552846,0.0203252032520325,0.032520325203252,0.0975609756097561
"seq7590",0.0602836879432624,0.074468085106383,0.0531914893617021,0.0638297872340425,0.024822695035461,0.0638297872340425,0.0283687943262411,0.0638297872340425,0.0177304964539007,0.0531914893617021,0.0851063829787234,0.0709219858156028,0.0283687943262411,0.0283687943262411,0.049645390070922,0.0921985815602837,0.0319148936170213,0.0177304964539007,0.0425531914893617,0.049645390070922
"seq7591",0.0821917808219178,0.0383561643835616,0.0328767123287671,0.0575342465753425,0.0246575342465753,0.0767123287671233,0.0301369863013699,0.0849315068493151,0.0191780821917808,0.073972602739726,0.0767123287671233,0.0767123287671233,0.010958904109589,0.0301369863013699,0.0575342465753425,0.073972602739726,0.0383561643835616,0.00547945205479452,0.0136986301369863,0.0958904109589041
"seq7592",0.0668896321070234,0.0117056856187291,0.0735785953177258,0.0735785953177258,0.00167224080267559,0.0418060200668896,0.0317725752508361,0.0451505016722408,0.0133779264214047,0.0668896321070234,0.0869565217391304,0.068561872909699,0.0167224080267559,0.0301003344481605,0.0618729096989967,0.0802675585284281,0.117056856187291,0.00167224080267559,0.0384615384615385,0.0719063545150502
"seq7593",0.0777777777777778,0.037037037037037,0.0555555555555556,0.0592592592592593,0.0037037037037037,0.062962962962963,0.0555555555555556,0.0592592592592593,0.0185185185185185,0.0740740740740741,0.0888888888888889,0.0814814814814815,0.0259259259259259,0.0555555555555556,0.0296296296296296,0.0777777777777778,0.0296296296296296,0.00740740740740741,0.0407407407407407,0.0592592592592593
"seq7594",0.130434782608696,0.0434782608695652,0.0144927536231884,0.0507246376811594,0.0217391304347826,0.072463768115942,0.0579710144927536,0.0797101449275362,0.0144927536231884,0.0289855072463768,0.130434782608696,0.0507246376811594,0.036231884057971,0.0217391304347826,0.0507246376811594,0.0507246376811594,0.0434782608695652,0.0072463768115942,0.0144927536231884,0.0797101449275362
"seq7595",0.0598006644518272,0.0431893687707641,0.0897009966777409,0.0365448504983389,0.0166112956810631,0.053156146179402,0.0132890365448505,0.0730897009966777,0.0166112956810631,0.102990033222591,0.0764119601328904,0.0830564784053156,0.0199335548172757,0.0431893687707641,0.0199335548172757,0.102990033222591,0.0398671096345515,0.00332225913621262,0.0398671096345515,0.0664451827242525
"seq7596",0.0769230769230769,0.0474631751227496,0.0540098199672668,0.0638297872340425,0.016366612111293,0.0556464811783961,0.0261865793780687,0.0752864157119476,0.0392798690671031,0.0671031096563011,0.0654664484451719,0.0540098199672668,0.027823240589198,0.0261865793780687,0.0621931260229133,0.0540098199672668,0.0540098199672668,0.0229132569558101,0.0360065466448445,0.0752864157119476
"seq7597",0.149295774647887,0.0676056338028169,0.0140845070422535,0.0309859154929577,0.00845070422535211,0.0366197183098592,0.0225352112676056,0.0816901408450704,0.0028169014084507,0.0535211267605634,0.132394366197183,0.0169014084507042,0.0225352112676056,0.0507042253521127,0.0591549295774648,0.0619718309859155,0.047887323943662,0.0197183098591549,0.0169014084507042,0.104225352112676
"seq7598",0.0710059171597633,0.0650887573964497,0.0236686390532544,0.0828402366863905,0.0118343195266272,0.100591715976331,0.0591715976331361,0.0473372781065089,0.0177514792899408,0.0828402366863905,0.100591715976331,0.0650887573964497,0.0236686390532544,0.0236686390532544,0.0473372781065089,0.0236686390532544,0.0414201183431953,0,0.0177514792899408,0.0946745562130177
"seq7599",0.0691489361702128,0.0372340425531915,0.0585106382978723,0.0585106382978723,0.0531914893617021,0.0372340425531915,0.0691489361702128,0.0478723404255319,0.0585106382978723,0.0212765957446809,0.0797872340425532,0.0531914893617021,0.0319148936170213,0.0159574468085106,0.0797872340425532,0.074468085106383,0.0585106382978723,0.0106382978723404,0.0106382978723404,0.074468085106383
"seq7600",0.0432432432432432,0.0324324324324324,0.0378378378378378,0.0648648648648649,0.027027027027027,0.0486486486486487,0.0162162162162162,0.0810810810810811,0.0162162162162162,0.0486486486486487,0.0540540540540541,0.0648648648648649,0.0324324324324324,0.0702702702702703,0.0594594594594595,0.0972972972972973,0.0432432432432432,0.0108108108108108,0.0486486486486487,0.102702702702703
"seq7601",0.115151515151515,0.127272727272727,0.0242424242424242,0.0727272727272727,0.00606060606060606,0.0848484848484849,0.0424242424242424,0.0909090909090909,0,0.0303030303030303,0.115151515151515,0,0.0484848484848485,0.0363636363636364,0.0303030303030303,0.0666666666666667,0.0303030303030303,0.00606060606060606,0.0242424242424242,0.0484848484848485
"seq7602",0.0546218487394958,0.0490196078431373,0.0742296918767507,0.0714285714285714,0.0112044817927171,0.0672268907563025,0.0406162464985994,0.0546218487394958,0.015406162464986,0.0476190476190476,0.106442577030812,0.0658263305322129,0.00980392156862745,0.0378151260504202,0.0252100840336134,0.0938375350140056,0.0854341736694678,0.00980392156862745,0.0294117647058824,0.0504201680672269
"seq7603",0.1,0.05,0.0625,0.05,0.00416666666666667,0.075,0.05,0.0666666666666667,0.0208333333333333,0.0458333333333333,0.0833333333333333,0.0666666666666667,0.0416666666666667,0.05,0.0166666666666667,0.0666666666666667,0.0375,0.00416666666666667,0.0458333333333333,0.0625
"seq7604",0.0510440835266821,0.0440835266821346,0.0533642691415313,0.074245939675174,0.0185614849187935,0.118329466357309,0.0232018561484919,0.0464037122969838,0.0255220417633411,0.0603248259860789,0.0649651972157773,0.11368909512761,0.0232018561484919,0.0278422273781903,0.0533642691415313,0.0580046403712297,0.0394431554524362,0.00696055684454756,0.0255220417633411,0.0719257540603248
