"","A","R","N","D","C","E","Q","G","H","I","L","K","M","F","P","S","T","W","Y","V"
"seq1501",0.12639405204461,0.0446096654275093,0.0297397769516729,0.0483271375464684,0.00371747211895911,0.0594795539033457,0.0371747211895911,0.100371747211896,0.0148698884758364,0.0706319702602231,0.100371747211896,0.0371747211895911,0.0371747211895911,0.0297397769516729,0.0408921933085502,0.0631970260223048,0.0557620817843866,0.0148698884758364,0.0223048327137546,0.0631970260223048
"seq1502",0.104018912529551,0.0567375886524823,0.0567375886524823,0.049645390070922,0.00709219858156028,0.0591016548463357,0.0685579196217494,0.0685579196217494,0.0543735224586288,0.049645390070922,0.115839243498818,0.0354609929078014,0.0141843971631206,0.0354609929078014,0.0307328605200946,0.0543735224586288,0.0591016548463357,0.00709219858156028,0.016548463356974,0.0567375886524823
"seq1503",0.111842105263158,0.0592105263157895,0.0460526315789474,0.0526315789473684,0.00657894736842105,0.0723684210526316,0.0394736842105263,0.0394736842105263,0.0131578947368421,0.0723684210526316,0.105263157894737,0.0592105263157895,0.0263157894736842,0.0328947368421053,0.0921052631578947,0.0328947368421053,0.0460526315789474,0.0197368421052632,0.0263157894736842,0.0460526315789474
"seq1504",0.0460526315789474,0.0296052631578947,0.0888157894736842,0.0559210526315789,0.0164473684210526,0.0427631578947368,0.0460526315789474,0.0559210526315789,0.0230263157894737,0.0625,0.0855263157894737,0.0690789473684211,0.0230263157894737,0.0559210526315789,0.0361842105263158,0.0690789473684211,0.0592105263157895,0.0230263157894737,0.0493421052631579,0.0625
"seq1505",0.0615384615384615,0.0615384615384615,0.0307692307692308,0.0923076923076923,0.0153846153846154,0.0461538461538462,0,0.138461538461538,0.0153846153846154,0.0923076923076923,0.107692307692308,0.0615384615384615,0.0153846153846154,0.0461538461538462,0.0461538461538462,0.0461538461538462,0.0307692307692308,0,0.0461538461538462,0.0461538461538462
"seq1506",0.1875,0.0416666666666667,0.0104166666666667,0.0208333333333333,0.0833333333333333,0.0104166666666667,0.0729166666666667,0.09375,0.0208333333333333,0.0208333333333333,0.09375,0.0416666666666667,0.0416666666666667,0.0104166666666667,0.0520833333333333,0.0625,0.0416666666666667,0,0.03125,0.0625
"seq1507",0.0580357142857143,0.0357142857142857,0.0610119047619048,0.0476190476190476,0.025297619047619,0.0744047619047619,0.0476190476190476,0.0625,0.0178571428571429,0.0461309523809524,0.0803571428571429,0.0803571428571429,0.0208333333333333,0.0386904761904762,0.0461309523809524,0.0550595238095238,0.087797619047619,0.0342261904761905,0.0223214285714286,0.0580357142857143
"seq1508",0.0805687203791469,0.0710900473933649,0.0414691943127962,0.0616113744075829,0.0023696682464455,0.0450236966824645,0.0746445497630332,0.0781990521327014,0.00592417061611374,0.0450236966824645,0.0983412322274882,0.0473933649289099,0.0319905213270142,0.0296208530805687,0.0616113744075829,0.0592417061611374,0.0473933649289099,0.0154028436018957,0.0355450236966825,0.0675355450236967
"seq1509",0.0526315789473684,0.0690789473684211,0.0460526315789474,0.0526315789473684,0.00328947368421053,0.0789473684210526,0.0526315789473684,0.0855263157894737,0.0197368421052632,0.0427631578947368,0.0789473684210526,0.0361842105263158,0.00657894736842105,0.0328947368421053,0.0986842105263158,0.0921052631578947,0.0263157894736842,0.0164473684210526,0.0361842105263158,0.0723684210526316
"seq1510",0.0850574712643678,0.0367816091954023,0.071264367816092,0.0436781609195402,0.00689655172413793,0.103448275862069,0.0344827586206897,0.0597701149425287,0.0114942528735632,0.0597701149425287,0.096551724137931,0.0873563218390805,0.0114942528735632,0.0528735632183908,0.0367816091954023,0.064367816091954,0.0505747126436782,0.00229885057471264,0.0344827586206897,0.0505747126436782
"seq1511",0.122905027932961,0.0391061452513966,0.0391061452513966,0.0558659217877095,0.00558659217877095,0.111731843575419,0.0446927374301676,0.0670391061452514,0.0335195530726257,0.0726256983240224,0.0614525139664804,0.0670391061452514,0.0335195530726257,0.0223463687150838,0.0223463687150838,0.0391061452513966,0.0670391061452514,0,0.0446927374301676,0.0502793296089385
"seq1512",0.0640176600441501,0.0518763796909492,0.033112582781457,0.0551876379690949,0.0253863134657837,0.0607064017660044,0.0419426048565121,0.0673289183222958,0.0242825607064018,0.0408388520971302,0.0883002207505519,0.0518763796909492,0.0253863134657837,0.0364238410596026,0.10485651214128,0.102649006622517,0.0507726269315673,0.011037527593819,0.0242825607064018,0.0397350993377483
"seq1513",0.141414141414141,0.0437710437710438,0.0202020202020202,0.063973063973064,0.0101010101010101,0.0505050505050505,0.0303030303030303,0.0875420875420875,0.0303030303030303,0.0505050505050505,0.0875420875420875,0.0606060606060606,0.0404040404040404,0.0235690235690236,0.0707070707070707,0.0471380471380471,0.0235690235690236,0.0202020202020202,0.0202020202020202,0.0774410774410774
"seq1514",0.0352422907488987,0.0572687224669604,0.0220264317180617,0.0484581497797357,0.013215859030837,0.0704845814977974,0.0352422907488987,0.0572687224669604,0.0352422907488987,0.0572687224669604,0.154185022026432,0.0704845814977974,0.00440528634361234,0.0484581497797357,0.0440528634361234,0.092511013215859,0.039647577092511,0.00881057268722467,0.0308370044052863,0.0748898678414097
"seq1515",0.122222222222222,0.0722222222222222,0.0305555555555556,0.0722222222222222,0.00833333333333333,0.05,0.0305555555555556,0.113888888888889,0.0194444444444444,0.0527777777777778,0.0944444444444444,0.0138888888888889,0.0361111111111111,0.0222222222222222,0.0638888888888889,0.0472222222222222,0.0388888888888889,0.0222222222222222,0.025,0.0638888888888889
"seq1516",0.0858585858585859,0.0656565656565657,0.0252525252525253,0.0656565656565657,0.0101010101010101,0.0757575757575758,0.0404040404040404,0.0707070707070707,0.0202020202020202,0.0505050505050505,0.095959595959596,0.0656565656565657,0.0252525252525253,0.0404040404040404,0.0454545454545455,0.0757575757575758,0.0555555555555556,0,0.0252525252525253,0.0606060606060606
"seq1517",0.0634920634920635,0.0571428571428571,0.0253968253968254,0.0666666666666667,0.00952380952380952,0.073015873015873,0.0476190476190476,0.0476190476190476,0.0253968253968254,0.0412698412698413,0.101587301587302,0.0825396825396825,0.0158730158730159,0.0634920634920635,0.053968253968254,0.0603174603174603,0.0317460317460317,0.0126984126984127,0.0476190476190476,0.073015873015873
"seq1518",0.148148148148148,0.0509259259259259,0.0601851851851852,0.0416666666666667,0.0185185185185185,0.0555555555555556,0.0601851851851852,0.0694444444444444,0.00925925925925926,0.0416666666666667,0.0694444444444444,0.0601851851851852,0.0231481481481481,0.0416666666666667,0.037037037037037,0.0601851851851852,0.0555555555555556,0.00925925925925926,0.0277777777777778,0.0601851851851852
"seq1519",0.08,0.06,0.0571428571428571,0.0571428571428571,0.00857142857142857,0.0771428571428571,0.0228571428571429,0.08,0.0342857142857143,0.0457142857142857,0.0742857142857143,0.08,0.02,0.0257142857142857,0.0428571428571429,0.0914285714285714,0.0314285714285714,0.0285714285714286,0.0228571428571429,0.06
"seq1520",0.0769230769230769,0.0346153846153846,0.0615384615384615,0.0730769230769231,0.0115384615384615,0.0461538461538462,0.0730769230769231,0.0846153846153846,0.0461538461538462,0.0692307692307692,0.0615384615384615,0.0769230769230769,0.00384615384615385,0.0269230769230769,0.05,0.0538461538461538,0.0384615384615385,0.0307692307692308,0.0192307692307692,0.0615384615384615
"seq1521",0.0978260869565217,0.0471014492753623,0.0652173913043478,0.0543478260869565,0,0.0108695652173913,0.0615942028985507,0.108695652173913,0.0217391304347826,0.0434782608695652,0.105072463768116,0.0289855072463768,0.0036231884057971,0.0398550724637681,0.0543478260869565,0.0543478260869565,0.0543478260869565,0.0326086956521739,0.0326086956521739,0.0833333333333333
"seq1522",0.103846153846154,0.0461538461538462,0.0576923076923077,0.0346153846153846,0.0307692307692308,0.0692307692307692,0.0269230769230769,0.0884615384615385,0.0153846153846154,0.0538461538461538,0.0923076923076923,0.0461538461538462,0.0307692307692308,0.0346153846153846,0.0230769230769231,0.0692307692307692,0.0423076923076923,0.0115384615384615,0.0384615384615385,0.0846153846153846
"seq1523",0.0662983425414365,0.0524861878453039,0.0441988950276243,0.0552486187845304,0.00552486187845304,0.0524861878453039,0.0469613259668508,0.0524861878453039,0.0497237569060773,0.0441988950276243,0.135359116022099,0.0414364640883978,0.0220994475138122,0.0441988950276243,0.0552486187845304,0.0883977900552486,0.0414364640883978,0.0193370165745856,0.0303867403314917,0.0524861878453039
"seq1524",0.04,0.0577777777777778,0.0488888888888889,0.0888888888888889,0.0133333333333333,0.0533333333333333,0.0133333333333333,0.0844444444444444,0.0222222222222222,0.08,0.0888888888888889,0.0666666666666667,0.04,0.0355555555555556,0.0311111111111111,0.0577777777777778,0.0222222222222222,0.00444444444444444,0.0666666666666667,0.0844444444444444
"seq1525",0.104,0.04,0.016,0.048,0.144,0.048,0.04,0.144,0.016,0.024,0.104,0.024,0.008,0.024,0.08,0.072,0.024,0,0.016,0.024
"seq1526",0.0727272727272727,0.0363636363636364,0.0363636363636364,0.0545454545454545,0.0181818181818182,0.0909090909090909,0.0303030303030303,0.0606060606060606,0.0121212121212121,0.0545454545454545,0.0848484848484849,0.0484848484848485,0.0545454545454545,0.0545454545454545,0.0909090909090909,0.0727272727272727,0.0242424242424242,0.0181818181818182,0.0303030303030303,0.0545454545454545
"seq1527",0.0630630630630631,0.018018018018018,0.0900900900900901,0.045045045045045,0.027027027027027,0.0900900900900901,0.018018018018018,0.0630630630630631,0.018018018018018,0.0990990990990991,0.0810810810810811,0.126126126126126,0.027027027027027,0.018018018018018,0.027027027027027,0.045045045045045,0.027027027027027,0.00900900900900901,0.027027027027027,0.0810810810810811
"seq1528",0.0372670807453416,0.0248447204968944,0.0496894409937888,0.0434782608695652,0,0.0434782608695652,0.0186335403726708,0.15527950310559,0.0186335403726708,0.0559006211180124,0.0745341614906832,0.0496894409937888,0.0062111801242236,0.0559006211180124,0.062111801242236,0.0745341614906832,0.111801242236025,0.0124223602484472,0.031055900621118,0.0745341614906832
"seq1529",0.0714285714285714,0.0595238095238095,0,0.0476190476190476,0,0.0595238095238095,0.0595238095238095,0.0595238095238095,0.0119047619047619,0.0833333333333333,0.0714285714285714,0.0238095238095238,0.0119047619047619,0.0714285714285714,0.0595238095238095,0.0714285714285714,0.0952380952380952,0.0238095238095238,0.0476190476190476,0.0714285714285714
"seq1530",0.0774058577405858,0.0523012552301255,0.0355648535564854,0.0815899581589958,0.0313807531380753,0.0878661087866109,0.0251046025104603,0.0878661087866109,0.0230125523012552,0.0523012552301255,0.0606694560669456,0.0920502092050209,0.0188284518828452,0.0230125523012552,0.0481171548117155,0.0460251046025105,0.0585774058577406,0.00836820083682008,0.0313807531380753,0.0585774058577406
"seq1531",0.109333333333333,0.0546666666666667,0.028,0.052,0.012,0.0586666666666667,0.0346666666666667,0.0853333333333333,0.0226666666666667,0.036,0.1,0.0653333333333333,0.016,0.0373333333333333,0.056,0.0613333333333333,0.06,0.0106666666666667,0.028,0.072
"seq1532",0.0660954712362301,0.0526315789473684,0.0330477356181151,0.0599755201958384,0.018359853121175,0.0856793145654835,0.0330477356181151,0.0477356181150551,0.0171358629130967,0.0563035495716034,0.123623011015912,0.0599755201958384,0.0171358629130967,0.0440636474908201,0.0416156670746634,0.0697674418604651,0.0440636474908201,0.018359853121175,0.0477356181150551,0.0636474908200734
"seq1533",0.0789473684210526,0.0526315789473684,0.0526315789473684,0.0631578947368421,0.00526315789473684,0.0631578947368421,0.0315789473684211,0.0842105263157895,0.0210526315789474,0.0526315789473684,0.136842105263158,0.0421052631578947,0.0210526315789474,0.0631578947368421,0.0368421052631579,0.0368421052631579,0.0473684210526316,0.0315789473684211,0.0157894736842105,0.0631578947368421
"seq1534",0.0714285714285714,0.0357142857142857,0.0428571428571429,0.0642857142857143,0.0214285714285714,0.0285714285714286,0.0285714285714286,0.114285714285714,0.0142857142857143,0.0357142857142857,0.0857142857142857,0.0714285714285714,0.0357142857142857,0.0285714285714286,0.0285714285714286,0.0714285714285714,0.0785714285714286,0.0142857142857143,0.0357142857142857,0.0928571428571429
"seq1535",0.0857142857142857,0.0428571428571429,0.0285714285714286,0.0714285714285714,0.0428571428571429,0.0357142857142857,0.0285714285714286,0.142857142857143,0.00714285714285714,0.0428571428571429,0.05,0.0642857142857143,0.0428571428571429,0.0357142857142857,0.0142857142857143,0.05,0.05,0.0142857142857143,0.05,0.1
"seq1536",0.0707964601769911,0.0508849557522124,0.0353982300884956,0.0663716814159292,0.0176991150442478,0.0486725663716814,0.0398230088495575,0.0752212389380531,0.0287610619469027,0.0619469026548673,0.0730088495575221,0.081858407079646,0.0199115044247788,0.0442477876106195,0.0420353982300885,0.0553097345132743,0.0707964601769911,0.0221238938053097,0.0309734513274336,0.0641592920353982
"seq1537",0.0752212389380531,0.0553097345132743,0.0331858407079646,0.0707964601769911,0.0176991150442478,0.0464601769911504,0.0398230088495575,0.0774336283185841,0.0287610619469027,0.0641592920353982,0.0685840707964602,0.079646017699115,0.0265486725663717,0.0442477876106195,0.0420353982300885,0.0486725663716814,0.0685840707964602,0.0199115044247788,0.0309734513274336,0.0619469026548673
"seq1538",0.10840108401084,0.037940379403794,0.0514905149051491,0.029810298102981,0.018970189701897,0.0785907859078591,0.037940379403794,0.0840108401084011,0.013550135501355,0.046070460704607,0.105691056910569,0.0785907859078591,0.010840108401084,0.02710027100271,0.040650406504065,0.043360433604336,0.0704607046070461,0.010840108401084,0.032520325203252,0.0731707317073171
"seq1539",0.0238095238095238,0.0374149659863946,0.0510204081632653,0.0646258503401361,0.0102040816326531,0.0408163265306122,0.0442176870748299,0.0816326530612245,0.0374149659863946,0.0578231292517007,0.0782312925170068,0.0442176870748299,0.0204081632653061,0.054421768707483,0.0884353741496599,0.054421768707483,0.0816326530612245,0.0204081632653061,0.0442176870748299,0.0646258503401361
"seq1540",0.0731707317073171,0.0292682926829268,0.0292682926829268,0.0585365853658537,0.0487804878048781,0.0585365853658537,0.0341463414634146,0.0682926829268293,0.0146341463414634,0.0536585365853659,0.102439024390244,0.0780487804878049,0.024390243902439,0.0341463414634146,0.0585365853658537,0.0341463414634146,0.0585365853658537,0.0048780487804878,0.0439024390243902,0.0926829268292683
"seq1541",0.0476190476190476,0.0238095238095238,0.0333333333333333,0.0523809523809524,0.00476190476190476,0.123809523809524,0.00952380952380952,0.0714285714285714,0.00952380952380952,0.0476190476190476,0.1,0.114285714285714,0.0333333333333333,0.0571428571428571,0.0714285714285714,0.0285714285714286,0.019047619047619,0.0142857142857143,0.0380952380952381,0.1
"seq1542",0.0649895178197065,0.0440251572327044,0.0440251572327044,0.0461215932914046,0.0188679245283019,0.0587002096436059,0.0356394129979036,0.0649895178197065,0.0335429769392034,0.0482180293501048,0.0880503144654088,0.0691823899371069,0.0188679245283019,0.0482180293501048,0.039832285115304,0.090146750524109,0.0670859538784067,0.00838574423480084,0.0335429769392034,0.0775681341719078
"seq1543",0.144208037825059,0.0543735224586288,0.0236406619385343,0.0732860520094563,0.0141843971631206,0.0425531914893617,0.0307328605200946,0.0969267139479905,0.033096926713948,0.0354609929078014,0.0969267139479905,0.0118203309692671,0.0236406619385343,0.0307328605200946,0.0638297872340425,0.0472813238770686,0.049645390070922,0.016548463356974,0.0236406619385343,0.0874704491725768
"seq1544",0.0859598853868195,0.0544412607449857,0.0143266475644699,0.0573065902578797,0.0114613180515759,0.0830945558739255,0.0659025787965616,0.0630372492836676,0.0372492836676218,0.0429799426934097,0.106017191977077,0.0744985673352436,0.0171919770773639,0.0429799426934097,0.0515759312320917,0.0573065902578797,0.0372492836676218,0.00859598853868195,0.0343839541547278,0.0544412607449857
"seq1545",0.0530035335689046,0.0636042402826855,0.0247349823321555,0.0671378091872792,0.0247349823321555,0.0565371024734982,0.049469964664311,0.0671378091872792,0.0318021201413428,0.0565371024734982,0.113074204946996,0.0530035335689046,0.0318021201413428,0.0600706713780919,0.0318021201413428,0.0812720848056537,0.0247349823321555,0.0141342756183746,0.0318021201413428,0.0636042402826855
"seq1546",0.09765625,0.06640625,0.0390625,0.0390625,0.03125,0.0234375,0.0625,0.078125,0.04296875,0.046875,0.1015625,0.01171875,0.015625,0.046875,0.078125,0.05859375,0.046875,0.01171875,0.01171875,0.08984375
"seq1547",0.12987012987013,0.0974025974025974,0.0194805194805195,0.051948051948052,0,0.101731601731602,0.0151515151515152,0.0714285714285714,0.0324675324675325,0.0238095238095238,0.170995670995671,0.0367965367965368,0.0194805194805195,0.0324675324675325,0.0432900432900433,0.0303030303030303,0.0346320346320346,0.0151515151515152,0.0238095238095238,0.0497835497835498
"seq1548",0.0628887353144437,0.050449205252246,0.0407740152038701,0.060124395300622,0.0152038700760194,0.0787836903939185,0.0469937802349689,0.0338631651693158,0.0283344851416724,0.0518313752591569,0.105044920525225,0.0995162404975812,0.0269523151347616,0.0304077401520387,0.055286800276434,0.0760193503800967,0.0497581202487906,0.00621976503109883,0.0234968901174845,0.0580511402902557
"seq1549",0.0626450116009281,0.0348027842227378,0.0301624129930394,0.0649651972157773,0.0116009280742459,0.0881670533642691,0.0417633410672854,0.074245939675174,0.0208816705336427,0.0719257540603248,0.106728538283063,0.08584686774942,0.0162412993039443,0.0301624129930394,0.0533642691415313,0.0812064965197216,0.0487238979118329,0.0116009280742459,0.0278422273781903,0.037122969837587
"seq1550",0.122666666666667,0.0826666666666667,0.016,0.0533333333333333,0.00533333333333333,0.0746666666666667,0.0373333333333333,0.096,0.0293333333333333,0.04,0.109333333333333,0.0266666666666667,0.024,0.0266666666666667,0.048,0.0346666666666667,0.056,0.016,0.0186666666666667,0.0826666666666667
"seq1551",0.0665680473372781,0.0465976331360947,0.0465976331360947,0.0517751479289941,0.0236686390532544,0.0850591715976331,0.0562130177514793,0.0710059171597633,0.0214497041420118,0.0414201183431953,0.0835798816568047,0.0547337278106509,0.0281065088757396,0.0162721893491124,0.0443786982248521,0.0983727810650888,0.0702662721893491,0.0029585798816568,0.0192307692307692,0.0717455621301775
"seq1552",0.0864197530864197,0.0617283950617284,0,0.0617283950617284,0.111111111111111,0.0493827160493827,0.0246913580246914,0.0740740740740741,0.0123456790123457,0.0493827160493827,0.0493827160493827,0.037037037037037,0.037037037037037,0.0123456790123457,0.0493827160493827,0.0493827160493827,0.111111111111111,0.0123456790123457,0.037037037037037,0.0740740740740741
"seq1553",0.105990783410138,0.0345622119815668,0.0253456221198157,0.043778801843318,0.0115207373271889,0.0737327188940092,0.0253456221198157,0.0990783410138249,0.0276497695852535,0.0691244239631336,0.0483870967741935,0.0737327188940092,0.043778801843318,0.0460829493087558,0.0576036866359447,0.0368663594470046,0.0483870967741935,0.00921658986175115,0.0368663594470046,0.0829493087557604
"seq1554",0.0509164969450102,0.0366598778004073,0.0590631364562118,0.0610997963340122,0.00610997963340122,0.0753564154786151,0.044806517311609,0.0529531568228106,0.00814663951120163,0.0631364562118126,0.107942973523422,0.0855397148676171,0.010183299389002,0.044806517311609,0.0427698574338086,0.0855397148676171,0.0529531568228106,0.00814663951120163,0.0509164969450102,0.0529531568228106
"seq1555",0.0849420849420849,0.0733590733590734,0.0386100386100386,0.0501930501930502,0.00772200772200772,0.0656370656370656,0.0231660231660232,0.0733590733590734,0.0231660231660232,0.0810810810810811,0.0888030888030888,0.027027027027027,0.0347490347490347,0.0617760617760618,0.0579150579150579,0.0617760617760618,0.0424710424710425,0.00772200772200772,0.0386100386100386,0.0579150579150579
"seq1556",0.120805369127517,0.0447427293064877,0.0201342281879195,0.0514541387024608,0,0.087248322147651,0.0425055928411633,0.0961968680089485,0.00671140939597315,0.0671140939597315,0.0805369127516778,0.0335570469798658,0.0201342281879195,0.0335570469798658,0.0357941834451902,0.0514541387024608,0.0671140939597315,0.0134228187919463,0.0357941834451902,0.0917225950782998
"seq1557",0.149779735682819,0.0418502202643172,0.026431718061674,0.0374449339207048,0.0110132158590308,0.0748898678414097,0.052863436123348,0.0726872246696035,0.0110132158590308,0.0616740088105727,0.0947136563876652,0.0462555066079295,0.0198237885462555,0.052863436123348,0.0572687224669604,0.0418502202643172,0.0594713656387665,0.0110132158590308,0.0198237885462555,0.0572687224669604
"seq1558",0.104294478527607,0.0695296523517382,0.0449897750511247,0.0429447852760736,0.0102249488752556,0.0756646216768916,0.0347648261758691,0.0531697341513292,0.0306748466257669,0.0613496932515337,0.0940695296523517,0.0470347648261759,0.0286298568507157,0.0449897750511247,0.049079754601227,0.0511247443762781,0.0572597137014315,0.0122699386503067,0.0204498977505112,0.0674846625766871
"seq1559",0.0786516853932584,0.0280898876404494,0.0337078651685393,0.0224719101123595,0.00561797752808989,0.112359550561798,0.0393258426966292,0.0674157303370786,0.0393258426966292,0.0617977528089888,0.106741573033708,0.106741573033708,0.0168539325842697,0.0730337078651685,0.0280898876404494,0.0561797752808989,0.0168539325842697,0,0.0393258426966292,0.0674157303370786
"seq1560",0.0794117647058823,0.0647058823529412,0.0647058823529412,0.0588235294117647,0.00588235294117647,0.0411764705882353,0.0470588235294118,0.0676470588235294,0.0323529411764706,0.0323529411764706,0.114705882352941,0.0323529411764706,0.00882352941176471,0.0647058823529412,0.05,0.0676470588235294,0.0441176470588235,0.0117647058823529,0.0264705882352941,0.0852941176470588
"seq1561",0.0462962962962963,0.0555555555555556,0.0555555555555556,0.037037037037037,0.0277777777777778,0.0555555555555556,0.0277777777777778,0.12962962962963,0.0185185185185185,0.0462962962962963,0.0648148148148148,0.0833333333333333,0.0185185185185185,0.0277777777777778,0.0555555555555556,0.0555555555555556,0.0555555555555556,0.00925925925925926,0.0185185185185185,0.111111111111111
"seq1562",0.0427046263345196,0.0373665480427046,0.0729537366548043,0.0444839857651246,0.0266903914590747,0.0747330960854092,0.0249110320284698,0.0871886120996441,0.0249110320284698,0.0587188612099644,0.0907473309608541,0.0693950177935943,0.0302491103202847,0.0338078291814947,0.0338078291814947,0.0693950177935943,0.0640569395017794,0.0195729537366548,0.0391459074733096,0.0551601423487545
"seq1563",0.0649819494584837,0.0866425992779783,0.0541516245487365,0.0324909747292419,0.0036101083032491,0.0397111913357401,0.0324909747292419,0.126353790613718,0.0252707581227437,0.0722021660649819,0.0649819494584837,0.111913357400722,0.0180505415162455,0.0072202166064982,0.0613718411552347,0.0541516245487365,0.0433212996389892,0.0072202166064982,0.0216606498194946,0.0722021660649819
"seq1564",0.122241086587436,0.0543293718166384,0.033955857385399,0.0458404074702886,0.00509337860780985,0.0611205432937182,0.033955857385399,0.108658743633277,0.0271646859083192,0.0441426146010187,0.0780984719864177,0.0356536502546689,0.032258064516129,0.0441426146010187,0.0509337860780985,0.0492359932088285,0.0492359932088285,0.0169779286926995,0.0203735144312394,0.0865874363327674
"seq1565",0.147663551401869,0.0616822429906542,0.0317757009345794,0.0355140186915888,0.0186915887850467,0.0691588785046729,0.0448598130841121,0.102803738317757,0.0280373831775701,0.0542056074766355,0.0878504672897196,0.0317757009345794,0.0224299065420561,0.0373831775700935,0.0485981308411215,0.0317757009345794,0.0317757009345794,0.00747663551401869,0.0299065420560748,0.0766355140186916
"seq1566",0.147783251231527,0.0246305418719212,0.0640394088669951,0.0541871921182266,0,0.0788177339901478,0.0197044334975369,0.0443349753694581,0.0394088669950739,0.0541871921182266,0.108374384236453,0.0492610837438424,0.00985221674876847,0.0394088669950739,0.0443349753694581,0.0295566502463054,0.0640394088669951,0.0246305418719212,0.0443349753694581,0.0591133004926108
"seq1567",0.0648567119155355,0.0497737556561086,0.0467571644042232,0.0648567119155355,0.0165912518853695,0.0603318250377074,0.0226244343891403,0.0889894419306184,0.0346907993966818,0.0497737556561086,0.0739064856711916,0.057315233785822,0.024132730015083,0.0422322775263952,0.0663650075414781,0.0678733031674208,0.0558069381598793,0.0135746606334842,0.0452488687782805,0.0542986425339367
"seq1568",0.112627986348123,0.0341296928327645,0.0170648464163823,0.0648464163822526,0.0068259385665529,0.0443686006825939,0.0784982935153584,0.0477815699658703,0.0341296928327645,0.0750853242320819,0.116040955631399,0.0409556313993174,0.0170648464163823,0.037542662116041,0.0511945392491468,0.0750853242320819,0.0443686006825939,0.0238907849829352,0.0238907849829352,0.0546075085324232
"seq1569",0.101754385964912,0.0596491228070175,0.0280701754385965,0.0947368421052632,0.0105263157894737,0.056140350877193,0.0421052631578947,0.0350877192982456,0.0245614035087719,0.0526315789473684,0.0982456140350877,0.0491228070175439,0.0491228070175439,0.0315789473684211,0.0631578947368421,0.0491228070175439,0.0350877192982456,0.0245614035087719,0.0315789473684211,0.0631578947368421
"seq1570",0.0505415162454874,0.0722021660649819,0.0397111913357401,0.036101083032491,0,0.0866425992779783,0.036101083032491,0.0974729241877256,0.0324909747292419,0.0469314079422383,0.0685920577617329,0.0397111913357401,0.0324909747292419,0.0397111913357401,0.0613718411552347,0.0577617328519856,0.0649819494584837,0.0108303249097473,0.0324909747292419,0.0938628158844765
"seq1571",0.0648148148148148,0.0231481481481481,0.037037037037037,0.0694444444444444,0.00925925925925926,0.0694444444444444,0.0416666666666667,0.0601851851851852,0.0462962962962963,0.0555555555555556,0.0601851851851852,0.087962962962963,0.0277777777777778,0.0462962962962963,0.0416666666666667,0.0787037037037037,0.0416666666666667,0.0138888888888889,0.0648148148148148,0.0601851851851852
"seq1572",0.0758620689655172,0.0241379310344828,0.0620689655172414,0.0689655172413793,0,0.0275862068965517,0.0172413793103448,0.0551724137931034,0.0206896551724138,0.0758620689655172,0.0724137931034483,0.0517241379310345,0.0172413793103448,0.0551724137931034,0.0448275862068966,0.127586206896552,0.0827586206896552,0.0137931034482759,0.0275862068965517,0.0793103448275862
"seq1573",0.0551724137931034,0.0758620689655172,0.0413793103448276,0.0482758620689655,0.0413793103448276,0.0275862068965517,0.0275862068965517,0.0689655172413793,0.0413793103448276,0.0482758620689655,0.0689655172413793,0.0620689655172414,0.0275862068965517,0.0620689655172414,0.0827586206896552,0.0827586206896552,0.0551724137931034,0,0.0275862068965517,0.0551724137931034
"seq1574",0.0973451327433628,0.0278128950695322,0.0303413400758533,0.0202275600505689,0,0.0265486725663717,0.0240202275600506,0.0859671302149178,0.0316055625790139,0.0442477876106195,0.141592920353982,0.0265486725663717,0.0303413400758533,0.0884955752212389,0.0493046776232617,0.0493046776232617,0.056890012642225,0.0429835651074589,0.0493046776232617,0.0771175726927939
"seq1575",0.100917431192661,0.00917431192660551,0.018348623853211,0.0825688073394495,0.00917431192660551,0.073394495412844,0.0458715596330275,0.0642201834862385,0,0.0642201834862385,0.0917431192660551,0.0917431192660551,0.00917431192660551,0.0825688073394495,0.00917431192660551,0.137614678899083,0.055045871559633,0,0.00917431192660551,0.0458715596330275
"seq1576",0.0909090909090909,0.0227272727272727,0.0227272727272727,0.113636363636364,0.0170454545454545,0.0965909090909091,0.0340909090909091,0.0852272727272727,0.0284090909090909,0.0852272727272727,0.0852272727272727,0.0511363636363636,0.0113636363636364,0.0511363636363636,0.0284090909090909,0.0284090909090909,0.0511363636363636,0.0227272727272727,0.0340909090909091,0.0397727272727273
"seq1577",0.112852664576803,0.0407523510971787,0.0595611285266458,0.0532915360501567,0.00940438871473354,0.0564263322884013,0.0658307210031348,0.0595611285266458,0.00313479623824451,0.0564263322884013,0.100313479623824,0.0407523510971787,0.0313479623824451,0.0532915360501567,0.0532915360501567,0.0344827586206897,0.0626959247648903,0.0219435736677116,0.0156739811912226,0.0689655172413793
"seq1578",0.0483870967741935,0.0403225806451613,0.0725806451612903,0.0483870967741935,0.00806451612903226,0.112903225806452,0.0403225806451613,0,0.0161290322580645,0.0967741935483871,0.104838709677419,0.129032258064516,0.0161290322580645,0.0403225806451613,0.00806451612903226,0.0645161290322581,0.0403225806451613,0,0.0483870967741935,0.0645161290322581
"seq1579",0.0894308943089431,0.0487804878048781,0.0894308943089431,0.040650406504065,0,0.0650406504065041,0.0569105691056911,0.0569105691056911,0,0.0894308943089431,0.0894308943089431,0.105691056910569,0.00813008130081301,0.00813008130081301,0.032520325203252,0.0487804878048781,0.0650406504065041,0,0.016260162601626,0.0894308943089431
"seq1580",0.0974155069582505,0.0397614314115308,0.0298210735586481,0.047713717693837,0.0218687872763419,0.0795228628230616,0.0218687872763419,0.0755467196819085,0.0099403578528827,0.0775347912524851,0.0914512922465209,0.0695825049701789,0.0119284294234592,0.0298210735586481,0.0516898608349901,0.0775347912524851,0.0516898608349901,0.0238568588469185,0.0218687872763419,0.0695825049701789
"seq1581",0.0473484848484848,0.0473484848484848,0.0359848484848485,0.0606060606060606,0.00757575757575758,0.0568181818181818,0.0321969696969697,0.0606060606060606,0.0246212121212121,0.0606060606060606,0.0890151515151515,0.0662878787878788,0.0246212121212121,0.0625,0.0549242424242424,0.0700757575757576,0.0606060606060606,0.0151515151515152,0.0549242424242424,0.0681818181818182
"seq1582",0.0473484848484848,0.0473484848484848,0.0359848484848485,0.0587121212121212,0.00757575757575758,0.0587121212121212,0.0321969696969697,0.0606060606060606,0.0246212121212121,0.0606060606060606,0.0890151515151515,0.0643939393939394,0.0246212121212121,0.0625,0.0549242424242424,0.0700757575757576,0.0625,0.0151515151515152,0.0549242424242424,0.0681818181818182
"seq1583",0.0668380462724936,0.0848329048843188,0.0334190231362468,0.0616966580976864,0.0025706940874036,0.0668380462724936,0.0308483290488432,0.0694087403598972,0.0231362467866324,0.0848329048843188,0.12853470437018,0.0488431876606684,0.0102827763496144,0.038560411311054,0.0437017994858612,0.051413881748072,0.0539845758354756,0.0077120822622108,0.038560411311054,0.0539845758354756
"seq1584",0.0889235569422777,0.0483619344773791,0.046801872074883,0.0702028081123245,0.0078003120124805,0.0733229329173167,0.0421216848673947,0.0858034321372855,0.0109204368174727,0.0655226209048362,0.078003120124805,0.078003120124805,0.0140405616224649,0.0390015600624025,0.0374414976599064,0.0530421216848674,0.0639625585023401,0.0031201248049922,0.0234009360374415,0.0702028081123245
"seq1585",0.0659340659340659,0.0549450549450549,0.0366300366300366,0.0549450549450549,0.0146520146520147,0.0879120879120879,0.0586080586080586,0.043956043956044,0.0256410256410256,0.0805860805860806,0.0989010989010989,0.0659340659340659,0.010989010989011,0.0402930402930403,0.0366300366300366,0.0732600732600733,0.032967032967033,0.0183150183150183,0.0256410256410256,0.0732600732600733
"seq1586",0.1,0.0746666666666667,0.0226666666666667,0.0653333333333333,0.00666666666666667,0.0586666666666667,0.032,0.0773333333333333,0.0213333333333333,0.0306666666666667,0.109333333333333,0.0266666666666667,0.0133333333333333,0.0293333333333333,0.068,0.06,0.0786666666666667,0.0106666666666667,0.0266666666666667,0.088
"seq1587",0.037037037037037,0.0740740740740741,0.037037037037037,0.0462962962962963,0.037037037037037,0.175925925925926,0.00925925925925926,0.0462962962962963,0,0.0555555555555556,0.12037037037037,0.101851851851852,0.0277777777777778,0.0648148148148148,0.037037037037037,0.00925925925925926,0.0185185185185185,0.0277777777777778,0.00925925925925926,0.0648148148148148
"seq1588",0.0707317073170732,0.0463414634146341,0.0707317073170732,0.0560975609756098,0.0121951219512195,0.0707317073170732,0.0585365853658537,0.0658536585365854,0.0195121951219512,0.0512195121951219,0.0707317073170732,0.0634146341463415,0.0219512195121951,0.0341463414634146,0.0487804878048781,0.0926829268292683,0.0512195121951219,0.0048780487804878,0.0170731707317073,0.0731707317073171
"seq1589",0.0555555555555556,0.0833333333333333,0.0416666666666667,0.0694444444444444,0,0.0694444444444444,0.0138888888888889,0.0694444444444444,0.0138888888888889,0.0833333333333333,0.0555555555555556,0.0694444444444444,0.0555555555555556,0.0277777777777778,0.0277777777777778,0.0277777777777778,0.0833333333333333,0,0.0416666666666667,0.111111111111111
"seq1590",0.0619047619047619,0.0333333333333333,0.0523809523809524,0.0666666666666667,0,0.0714285714285714,0.019047619047619,0.0428571428571429,0.0238095238095238,0.0666666666666667,0.114285714285714,0.119047619047619,0.0238095238095238,0.0380952380952381,0.0238095238095238,0.0476190476190476,0.0523809523809524,0.00476190476190476,0.0619047619047619,0.0761904761904762
"seq1591",0.0538461538461538,0.0461538461538462,0.0461538461538462,0.0615384615384615,0.0192307692307692,0.0576923076923077,0.0307692307692308,0.0692307692307692,0.0461538461538462,0.0384615384615385,0.0846153846153846,0.0692307692307692,0.0153846153846154,0.0461538461538462,0.0807692307692308,0.0730769230769231,0.0461538461538462,0.0307692307692308,0.0307692307692308,0.0538461538461538
"seq1592",0.0576923076923077,0.0461538461538462,0.0346153846153846,0.0615384615384615,0.0192307692307692,0.0576923076923077,0.0269230769230769,0.0769230769230769,0.05,0.0423076923076923,0.0846153846153846,0.0692307692307692,0.0153846153846154,0.0461538461538462,0.0846153846153846,0.0692307692307692,0.0423076923076923,0.0307692307692308,0.0307692307692308,0.0538461538461538
"seq1593",0.0891304347826087,0.0608695652173913,0.0347826086956522,0.058695652173913,0.00217391304347826,0.0673913043478261,0.0369565217391304,0.0978260869565217,0.0195652173913043,0.0782608695652174,0.0869565217391304,0.0456521739130435,0.0260869565217391,0.0304347826086957,0.0543478260869565,0.0434782608695652,0.058695652173913,0.00217391304347826,0.0369565217391304,0.0695652173913043
"seq1594",0.139954853273138,0.0293453724604966,0.0474040632054176,0.0564334085778781,0.00451467268623025,0.0744920993227991,0.0316027088036117,0.0880361173814898,0.0112866817155756,0.054176072234763,0.0857787810383747,0.0496613995485327,0.0383747178329571,0.0383747178329571,0.0316027088036117,0.0428893905191874,0.0474040632054176,0.00225733634311512,0.0316027088036117,0.0948081264108352
"seq1595",0.064327485380117,0.0409356725146199,0.0175438596491228,0.0584795321637427,0.0233918128654971,0.105263157894737,0.0175438596491228,0.0584795321637427,0.0292397660818713,0.0584795321637427,0.0935672514619883,0.0760233918128655,0.0409356725146199,0.064327485380117,0.0350877192982456,0.0701754385964912,0.0233918128654971,0.0233918128654971,0.0584795321637427,0.0409356725146199
"seq1596",0.0882352941176471,0.0588235294117647,0.0220588235294118,0.0147058823529412,0,0.0661764705882353,0.0294117647058824,0.0588235294117647,0.0441176470588235,0.0294117647058824,0.0514705882352941,0.169117647058824,0.00735294117647059,0.0661764705882353,0.0441176470588235,0.0441176470588235,0.0441176470588235,0.00735294117647059,0.0294117647058824,0.125
"seq1597",0.064327485380117,0.0467836257309941,0.0175438596491228,0.0526315789473684,0.0233918128654971,0.111111111111111,0.0116959064327485,0.0584795321637427,0.0292397660818713,0.0584795321637427,0.0994152046783626,0.064327485380117,0.0409356725146199,0.064327485380117,0.0350877192982456,0.064327485380117,0.0292397660818713,0.0233918128654971,0.0584795321637427,0.0467836257309941
"seq1598",0.0686274509803922,0.0392156862745098,0.0784313725490196,0.0294117647058824,0,0.0490196078431373,0.0882352941176471,0.0784313725490196,0.0490196078431373,0.0490196078431373,0.0686274509803922,0.0392156862745098,0.0196078431372549,0.0294117647058824,0.0392156862745098,0.117647058823529,0.0392156862745098,0,0.0294117647058824,0.0882352941176471
"seq1599",0.0599250936329588,0.0449438202247191,0.0262172284644195,0.0674157303370786,0.0149812734082397,0.0898876404494382,0.0262172284644195,0.0599250936329588,0.0187265917602996,0.0636704119850187,0.101123595505618,0.0711610486891386,0.0262172284644195,0.0599250936329588,0.052434456928839,0.0449438202247191,0.0561797752808989,0.0149812734082397,0.0449438202247191,0.0561797752808989
"seq1600",0.115384615384615,0.032967032967033,0.0274725274725275,0.0879120879120879,0,0.0549450549450549,0.032967032967033,0.0989010989010989,0.00549450549450549,0.0384615384615385,0.131868131868132,0.0494505494505494,0.021978021978022,0.0879120879120879,0.043956043956044,0.043956043956044,0.043956043956044,0.0164835164835165,0.0164835164835165,0.0494505494505494
"seq1601",0.0665188470066519,0.0487804878048781,0.0487804878048781,0.0798226164079823,0.00221729490022173,0.0776053215077605,0.0221729490022173,0.082039911308204,0.0332594235033259,0.0643015521064302,0.0842572062084257,0.0620842572062084,0.0221729490022173,0.0509977827050998,0.0421286031042129,0.0399113082039911,0.0399113082039911,0.0266075388026608,0.0598669623059867,0.0465631929046563
"seq1602",0.100478468899522,0.0550239234449761,0.0239234449760766,0.0574162679425837,0.00717703349282297,0.0813397129186603,0.0311004784688995,0.0861244019138756,0.0382775119617225,0.0550239234449761,0.0813397129186603,0.0430622009569378,0.0287081339712919,0.062200956937799,0.0598086124401914,0.0430622009569378,0.0382775119617225,0.0215311004784689,0.0287081339712919,0.0574162679425837
"seq1603",0.124661246612466,0.040650406504065,0.0474254742547425,0.0785907859078591,0.002710027100271,0.0785907859078591,0.032520325203252,0.0691056910569106,0.0203252032520325,0.0569105691056911,0.100271002710027,0.0555555555555556,0.0203252032520325,0.029810298102981,0.0392953929539295,0.0528455284552846,0.0528455284552846,0.0121951219512195,0.016260162601626,0.0691056910569106
"seq1604",0.0716417910447761,0.0507462686567164,0.0208955223880597,0.0537313432835821,0.00298507462686567,0.0865671641791045,0.0238805970149254,0.0925373134328358,0.00895522388059702,0.0895522388059701,0.0776119402985075,0.0835820895522388,0.0388059701492537,0.0417910447761194,0.0328358208955224,0.0567164179104478,0.0388059701492537,0.0119402985074627,0.0328358208955224,0.0835820895522388
"seq1605",0.0677816901408451,0.0677816901408451,0.0554577464788732,0.0440140845070423,0.0158450704225352,0.0783450704225352,0.0466549295774648,0.0422535211267606,0.0193661971830986,0.0598591549295775,0.0994718309859155,0.0950704225352113,0.0149647887323944,0.0475352112676056,0.0290492957746479,0.0633802816901408,0.0378521126760563,0.0132042253521127,0.0404929577464789,0.0616197183098592
"seq1606",0.0771535580524345,0.0179775280898876,0.0936329588014981,0.047940074906367,0,0.0299625468164794,0.0764044943820225,0.0644194756554307,0.0127340823970037,0.0397003745318352,0.0539325842696629,0.0951310861423221,0.00823970037453184,0.0224719101123595,0.0367041198501873,0.0749063670411985,0.108614232209738,0.0134831460674157,0.0651685393258427,0.0614232209737828
"seq1607",0.0939490445859873,0.0143312101910828,0.0859872611464968,0.0429936305732484,0.000796178343949045,0.0262738853503185,0.0581210191082803,0.071656050955414,0.0127388535031847,0.0398089171974522,0.0485668789808917,0.102707006369427,0.00875796178343949,0.0222929936305732,0.0493630573248408,0.0597133757961783,0.104299363057325,0.0143312101910828,0.0613057324840764,0.0820063694267516
