"","A","R","N","D","C","E","Q","G","H","I","L","K","M","F","P","S","T","W","Y","V"
"seq6001",0.0876712328767123,0.0712328767123288,0.0164383561643836,0.0520547945205479,0.0273972602739726,0.0520547945205479,0.0520547945205479,0.0684931506849315,0.0520547945205479,0.0383561643835616,0.13972602739726,0.0136986301369863,0.0164383561643836,0.0273972602739726,0.0712328767123288,0.0657534246575342,0.0465753424657534,0.0219178082191781,0.0246575342465753,0.0547945205479452
"seq6002",0.0330578512396694,0.0743801652892562,0.0247933884297521,0.0661157024793388,0.00826446280991736,0.0661157024793388,0.0826446280991736,0.0247933884297521,0.0247933884297521,0.0661157024793388,0.0743801652892562,0.0743801652892562,0.0330578512396694,0.0661157024793388,0.0661157024793388,0.0661157024793388,0.0330578512396694,0,0.0330578512396694,0.0826446280991736
"seq6003",0.0563380281690141,0.0774647887323944,0.028169014084507,0.0352112676056338,0.00704225352112676,0.0915492957746479,0.0492957746478873,0.0352112676056338,0.0211267605633803,0.0563380281690141,0.0915492957746479,0.0633802816901408,0.0352112676056338,0.0492957746478873,0.0492957746478873,0.0704225352112676,0.0633802816901408,0,0.0352112676056338,0.0845070422535211
"seq6004",0.04,0.08,0.032,0.04,0,0.096,0.056,0.032,0.024,0.064,0.08,0.064,0.04,0.056,0.048,0.072,0.048,0,0.032,0.096
"seq6005",0.024,0.072,0.032,0.04,0,0.096,0.056,0.032,0.024,0.064,0.088,0.08,0.04,0.056,0.048,0.072,0.048,0,0.032,0.096
"seq6006",0.0471204188481675,0.06282722513089,0.06282722513089,0.0575916230366492,0,0.0942408376963351,0.0418848167539267,0.0732984293193717,0.0157068062827225,0.0785340314136126,0.0994764397905759,0.0732984293193717,0.031413612565445,0.0471204188481675,0.0261780104712042,0.0471204188481675,0.0366492146596859,0.0104712041884817,0.0471204188481675,0.0471204188481675
"seq6007",0.0921305182341651,0.0383877159309021,0.0825335892514395,0.0614203454894434,0.00959692898272553,0.0211132437619962,0.0268714011516315,0.0882917466410749,0.0307101727447217,0.0690978886756238,0.0767754318618042,0.00767754318618042,0.00767754318618042,0.0441458733205374,0.0806142034548944,0.0710172744721689,0.0652591170825336,0.0134357005758157,0.0287907869481766,0.0844529750479846
"seq6008",0.125412541254125,0.0726072607260726,0.0363036303630363,0.0594059405940594,0.0198019801980198,0.0528052805280528,0.0132013201320132,0.099009900990099,0.0297029702970297,0.0231023102310231,0.0264026402640264,0.0165016501650165,0.0165016501650165,0.0429042904290429,0.0924092409240924,0.0462046204620462,0.0693069306930693,0.0462046204620462,0.0363036303630363,0.0759075907590759
"seq6009",0.0429447852760736,0.049079754601227,0.0429447852760736,0.049079754601227,0.00613496932515337,0.110429447852761,0.0674846625766871,0.049079754601227,0.0245398773006135,0.104294478527607,0.0797546012269939,0.0920245398773006,0.0122699386503067,0.0368098159509202,0.0184049079754601,0.0736196319018405,0.0552147239263804,0,0.0122699386503067,0.0736196319018405
"seq6010",0.0808080808080808,0.0101010101010101,0.0202020202020202,0.111111111111111,0.0505050505050505,0.0808080808080808,0.0606060606060606,0.0606060606060606,0.0101010101010101,0.0707070707070707,0.0808080808080808,0.0202020202020202,0.0101010101010101,0.0202020202020202,0.0404040404040404,0.0606060606060606,0.111111111111111,0,0.0505050505050505,0.0505050505050505
"seq6011",0.06,0.0466666666666667,0.0266666666666667,0.0466666666666667,0.06,0.0933333333333333,0.02,0.0733333333333333,0,0.0466666666666667,0.0533333333333333,0.0866666666666667,0.0466666666666667,0.04,0.0866666666666667,0.0466666666666667,0.0533333333333333,0.02,0.04,0.0533333333333333
"seq6012",0.0793269230769231,0.0360576923076923,0.0384615384615385,0.0576923076923077,0,0.0697115384615385,0.0216346153846154,0.0552884615384615,0.00961538461538462,0.117788461538462,0.0985576923076923,0.0817307692307692,0.0240384615384615,0.0288461538461538,0.0625,0.0721153846153846,0.0432692307692308,0,0.0649038461538462,0.0384615384615385
"seq6013",0.108938547486034,0.0642458100558659,0.0223463687150838,0.0726256983240224,0,0.053072625698324,0.0391061452513966,0.0865921787709497,0.0251396648044693,0.0642458100558659,0.0782122905027933,0.0418994413407821,0.0223463687150838,0.0418994413407821,0.0726256983240224,0.0446927374301676,0.058659217877095,0.0167597765363128,0.0335195530726257,0.053072625698324
"seq6014",0.0241935483870968,0.0564516129032258,0.0725806451612903,0.032258064516129,0.0241935483870968,0.0887096774193548,0.0241935483870968,0.0403225806451613,0.0241935483870968,0.0645161290322581,0.0967741935483871,0.0806451612903226,0.0564516129032258,0.0483870967741935,0.0483870967741935,0.0645161290322581,0.0241935483870968,0,0.0645161290322581,0.0645161290322581
"seq6015",0.0448179271708683,0.0718954248366013,0.0438842203548086,0.0802987861811391,0.0065359477124183,0.061624649859944,0.0140056022408964,0.0887021475256769,0.0196078431372549,0.0793650793650794,0.0681605975723623,0.0550887021475257,0.0242763772175537,0.0541549953314659,0.0476190476190476,0.0681605975723623,0.0513538748832866,0.00933706816059757,0.0513538748832866,0.0597572362278245
"seq6016",0.147909967845659,0.0771704180064309,0.0128617363344051,0.0353697749196141,0.00321543408360129,0.067524115755627,0.0289389067524116,0.0996784565916399,0.0160771704180064,0.0192926045016077,0.163987138263666,0.0418006430868167,0.00964630225080386,0.022508038585209,0.0610932475884244,0.0418006430868167,0.0578778135048231,0,0.0192926045016077,0.0739549839228296
"seq6017",0.0479704797047971,0.0811808118081181,0.03690036900369,0.0664206642066421,0.014760147601476,0.0811808118081181,0.0479704797047971,0.0774907749077491,0.033210332103321,0.0627306273062731,0.0959409594095941,0.03690036900369,0.014760147601476,0.029520295202952,0.0516605166051661,0.0553505535055351,0.0516605166051661,0.018450184501845,0.03690036900369,0.0590405904059041
"seq6018",0.0618181818181818,0.0436363636363636,0.0509090909090909,0.0363636363636364,0.0254545454545455,0.0581818181818182,0.0472727272727273,0.0618181818181818,0.0218181818181818,0.0327272727272727,0.101818181818182,0.0727272727272727,0.0145454545454545,0.0727272727272727,0.0436363636363636,0.0763636363636364,0.0509090909090909,0.0145454545454545,0.0509090909090909,0.0618181818181818
"seq6019",0.0914760914760915,0.0602910602910603,0.0249480249480249,0.0769230769230769,0,0.108108108108108,0.0332640332640333,0.0748440748440748,0.0207900207900208,0.0582120582120582,0.0769230769230769,0.0623700623700624,0.0145530145530146,0.0291060291060291,0.0311850311850312,0.0623700623700624,0.0374220374220374,0.0124740124740125,0.0187110187110187,0.106029106029106
"seq6020",0.110192837465565,0.0303030303030303,0.0385674931129477,0.0716253443526171,0,0.0661157024793388,0.046831955922865,0.0853994490358127,0.0220385674931129,0.0495867768595041,0.0798898071625344,0.0578512396694215,0.0275482093663912,0.0413223140495868,0.0550964187327824,0.0495867768595041,0.0550964187327824,0.0110192837465565,0.0247933884297521,0.0771349862258953
"seq6021",0.049645390070922,0.049645390070922,0.0141843971631206,0.0921985815602837,0,0.099290780141844,0.00709219858156028,0.0709219858156028,0.0283687943262411,0.0425531914893617,0.0780141843971631,0.0709219858156028,0.0709219858156028,0.0283687943262411,0.0354609929078014,0.0425531914893617,0.0567375886524823,0.00709219858156028,0.0709219858156028,0.0851063829787234
"seq6022",0.143389199255121,0.068901303538175,0.0186219739292365,0.068901303538175,0.0167597765363128,0.0465549348230912,0.0242085661080074,0.0726256983240224,0.0409683426443203,0.0223463687150838,0.0968342644320298,0.0167597765363128,0.0279329608938547,0.0353817504655493,0.0782122905027933,0.037243947858473,0.042830540037244,0.0223463687150838,0.0391061452513966,0.0800744878957169
"seq6023",0.143835616438356,0.0410958904109589,0.0410958904109589,0.0684931506849315,0.00684931506849315,0.0410958904109589,0.0479452054794521,0.0273972602739726,0.0479452054794521,0.0616438356164384,0.0684931506849315,0.0273972602739726,0.0136986301369863,0.0136986301369863,0.0616438356164384,0.0684931506849315,0.0821917808219178,0,0.0410958904109589,0.0958904109589041
"seq6024",0.0469715698393078,0.0716934487021014,0.0494437577255871,0.065512978986403,0.00494437577255871,0.0630407911001236,0.0506798516687268,0.0716934487021014,0.0210135970333745,0.0395550061804697,0.0704573547589617,0.0482076637824475,0.0148331273176761,0.0506798516687268,0.0457354758961681,0.0778739184177998,0.0914709517923362,0.0160692212608158,0.034610630407911,0.065512978986403
"seq6025",0.0357142857142857,0.0428571428571429,0.0428571428571429,0.0214285714285714,0.0142857142857143,0.121428571428571,0.0142857142857143,0.0428571428571429,0.0214285714285714,0.0857142857142857,0.0857142857142857,0.0857142857142857,0.0285714285714286,0.05,0.0571428571428571,0.107142857142857,0.00714285714285714,0.0214285714285714,0.0142857142857143,0.1
"seq6026",0.0792253521126761,0.0387323943661972,0.0316901408450704,0.0422535211267606,0.0176056338028169,0.0492957746478873,0.0316901408450704,0.0686619718309859,0.0193661971830986,0.0616197183098592,0.0845070422535211,0.0845070422535211,0.0334507042253521,0.051056338028169,0.051056338028169,0.0774647887323944,0.0528169014084507,0.0176056338028169,0.0404929577464789,0.0669014084507042
"seq6027",0.140401146131805,0.0515759312320917,0.0372492836676218,0.0744985673352436,0.00573065902578797,0.0401146131805158,0.0257879656160458,0.0802292263610315,0.0143266475644699,0.0401146131805158,0.103151862464183,0.0744985673352436,0.0114613180515759,0.0200573065902579,0.0429799426934097,0.0515759312320917,0.0458452722063037,0.0114613180515759,0.0343839541547278,0.0945558739255014
"seq6028",0.0520833333333333,0.05,0.0416666666666667,0.0708333333333333,0.00416666666666667,0.0854166666666667,0.0208333333333333,0.0708333333333333,0.01875,0.0791666666666667,0.0833333333333333,0.0875,0.025,0.0333333333333333,0.0479166666666667,0.0416666666666667,0.0395833333333333,0.0208333333333333,0.0458333333333333,0.08125
"seq6029",0.135220125786164,0.0628930817610063,0.0283018867924528,0.0691823899371069,0.00314465408805031,0.0377358490566038,0.0566037735849057,0.0691823899371069,0.0188679245283019,0.0534591194968553,0.141509433962264,0.0345911949685535,0.0157232704402516,0.0188679245283019,0.0566037735849057,0.059748427672956,0.0440251572327044,0.00628930817610063,0.0283018867924528,0.059748427672956
"seq6030",0.0619047619047619,0.0738095238095238,0.0369047619047619,0.0440476190476191,0.019047619047619,0.0738095238095238,0.0583333333333333,0.0404761904761905,0.0214285714285714,0.0476190476190476,0.0988095238095238,0.0702380952380952,0.019047619047619,0.030952380952381,0.0619047619047619,0.0845238095238095,0.0595238095238095,0.0107142857142857,0.0178571428571429,0.0690476190476191
"seq6031",0.0958466453674121,0.0383386581469649,0.0447284345047923,0.0287539936102236,0.00638977635782748,0.0319488817891374,0.0543130990415335,0.130990415335463,0.00638977635782748,0.073482428115016,0.0383386581469649,0.0447284345047923,0.00319488817891374,0.0287539936102236,0.0447284345047923,0.121405750798722,0.0543130990415335,0.0511182108626198,0.0415335463258786,0.060702875399361
"seq6032",0.069164265129683,0.0461095100864553,0.031700288184438,0.0778097982708934,0.0115273775216138,0.0345821325648415,0.037463976945245,0.0864553314121038,0.0403458213256484,0.0461095100864553,0.0951008645533141,0.0605187319884726,0.0144092219020173,0.0288184438040346,0.0461095100864553,0.0778097982708934,0.0461095100864553,0.0461095100864553,0.0518731988472622,0.0518731988472622
"seq6033",0.0917874396135266,0.0338164251207729,0.0289855072463768,0.0193236714975845,0.00483091787439614,0.0628019323671498,0.0483091787439614,0.120772946859903,0.0289855072463768,0.0676328502415459,0.0628019323671498,0.0386473429951691,0.0386473429951691,0.0386473429951691,0.0483091787439614,0.072463768115942,0.0869565217391304,0.00483091787439614,0.0338164251207729,0.0676328502415459
"seq6034",0.0991735537190083,0.0619834710743802,0.0371900826446281,0.0702479338842975,0.00826446280991736,0.0909090909090909,0.0206611570247934,0.0578512396694215,0.012396694214876,0.0578512396694215,0.144628099173554,0.0785123966942149,0.00413223140495868,0.0371900826446281,0.0330578512396694,0.0371900826446281,0.0495867768595041,0.00826446280991736,0.0247933884297521,0.0661157024793388
"seq6035",0.0759493670886076,0.0379746835443038,0.0379746835443038,0.126582278481013,0,0.0379746835443038,0.0253164556962025,0.0253164556962025,0.0253164556962025,0.0632911392405063,0.151898734177215,0.0886075949367089,0.0253164556962025,0.0379746835443038,0.0253164556962025,0.0632911392405063,0.0506329113924051,0.0126582278481013,0.0126582278481013,0.0759493670886076
"seq6036",0.124760076775432,0.0383877159309021,0.0403071017274472,0.0460652591170825,0.0268714011516315,0.0575815738963532,0.0230326295585413,0.0863723608445297,0.0211132437619962,0.0307101727447217,0.0863723608445297,0.053742802303263,0.017274472168906,0.0403071017274472,0.0575815738963532,0.0441458733205374,0.0671785028790787,0,0.0345489443378119,0.103646833013436
"seq6037",0.117424242424242,0.0757575757575758,0.00568181818181818,0.0549242424242424,0.0132575757575758,0.0814393939393939,0.0435606060606061,0.0587121212121212,0.0284090909090909,0.0303030303030303,0.0965909090909091,0.0416666666666667,0.00757575757575758,0.0511363636363636,0.0738636363636364,0.0738636363636364,0.0454545454545455,0.00757575757575758,0.0321969696969697,0.0606060606060606
"seq6038",0.167019027484144,0.0507399577167019,0.0274841437632135,0.0782241014799154,0.00211416490486258,0.0591966173361522,0.040169133192389,0.0887949260042283,0.0211416490486258,0.0295983086680761,0.0697674418604651,0.0126849894291755,0.00845665961945032,0.0359408033826638,0.0486257928118393,0.0591966173361522,0.103594080338266,0,0.0317124735729387,0.06553911205074
"seq6039",0.0579710144927536,0.036231884057971,0.0471014492753623,0.0688405797101449,0.0036231884057971,0.101449275362319,0.0471014492753623,0.0652173913043478,0.0289855072463768,0.0688405797101449,0.105072463768116,0.0905797101449275,0.0181159420289855,0.0326086956521739,0.0326086956521739,0.0398550724637681,0.0398550724637681,0.0217391304347826,0.0289855072463768,0.0652173913043478
"seq6040",0.1,0.0238095238095238,0.0380952380952381,0.0619047619047619,0.00476190476190476,0.0761904761904762,0.0380952380952381,0.1,0.00476190476190476,0.0476190476190476,0.1,0.0523809523809524,0.0571428571428571,0.0333333333333333,0.0380952380952381,0.0523809523809524,0.0428571428571429,0,0.019047619047619,0.10952380952381
"seq6041",0.0445544554455446,0.0346534653465347,0.0594059405940594,0.0643564356435644,0.00495049504950495,0.0742574257425743,0.0198019801980198,0.0544554455445545,0.0099009900990099,0.0841584158415842,0.0792079207920792,0.099009900990099,0.0247524752475248,0.0544554455445545,0.0495049504950495,0.0544554455445545,0.0643564356435644,0.0346534653465347,0.0445544554455446,0.0445544554455446
"seq6042",0.0543130990415335,0.073482428115016,0.0255591054313099,0.0670926517571885,0.0159744408945687,0.060702875399361,0.0479233226837061,0.0798722044728434,0.0287539936102236,0.060702875399361,0.105431309904153,0.0479233226837061,0.0287539936102236,0.0447284345047923,0.073482428115016,0.0479233226837061,0.0415335463258786,0.0159744408945687,0.0351437699680511,0.0447284345047923
"seq6043",0.0296296296296296,0.0518518518518519,0.0444444444444444,0.0888888888888889,0.0222222222222222,0.0962962962962963,0.0444444444444444,0.0740740740740741,0.0222222222222222,0.0518518518518519,0.0814814814814815,0.0888888888888889,0.0444444444444444,0.0444444444444444,0.0148148148148148,0.0222222222222222,0.0518518518518519,0.0296296296296296,0.0222222222222222,0.0740740740740741
"seq6044",0.0427807486631016,0.0481283422459893,0.0213903743315508,0.0802139037433155,0.0106951871657754,0.0481283422459893,0.0374331550802139,0.0802139037433155,0.0320855614973262,0.0160427807486631,0.101604278074866,0.0802139037433155,0.0106951871657754,0.0160427807486631,0.0802139037433155,0.0802139037433155,0.0481283422459893,0.0267379679144385,0.053475935828877,0.0855614973262032
"seq6045",0.126872246696035,0.0607929515418502,0.0370044052863436,0.0607929515418502,0.00881057268722467,0.0889867841409692,0.0537444933920705,0.0484581497797357,0.013215859030837,0.0537444933920705,0.0881057268722467,0.06784140969163,0.0352422907488987,0.0140969162995595,0.0519823788546256,0.0511013215859031,0.0590308370044053,0.00881057268722467,0.0079295154185022,0.0634361233480176
"seq6046",0.0824427480916031,0.0519083969465649,0.0305343511450382,0.0442748091603053,0.00610687022900763,0.0854961832061069,0.0213740458015267,0.100763358778626,0.0320610687022901,0.0458015267175573,0.117557251908397,0.067175572519084,0.0213740458015267,0.050381679389313,0.0488549618320611,0.0564885496183206,0.0351145038167939,0.0198473282442748,0.0366412213740458,0.0458015267175573
"seq6047",0.0824742268041237,0.0597938144329897,0.0505154639175258,0.0608247422680412,0.00412371134020619,0.065979381443299,0.0742268041237113,0.0804123711340206,0.0195876288659794,0.0587628865979381,0.0742268041237113,0.0597938144329897,0.0134020618556701,0.0257731958762887,0.0360824742268041,0.0855670103092784,0.0556701030927835,0.00721649484536083,0.0247422680412371,0.0608247422680412
"seq6048",0.0782122905027933,0.0810055865921788,0.0251396648044693,0.0642458100558659,0.0167597765363128,0.0977653631284916,0.00837988826815642,0.125698324022346,0.0139664804469274,0.0363128491620112,0.103351955307263,0.0251396648044693,0.0139664804469274,0.0223463687150838,0.0642458100558659,0.0279329608938547,0.0446927374301676,0.00837988826815642,0.0195530726256983,0.122905027932961
"seq6049",0.0705329153605016,0.130094043887147,0.0266457680250784,0.0344827586206897,0.0219435736677116,0.0799373040752351,0.0250783699059561,0.0768025078369906,0.0517241379310345,0.0266457680250784,0.0799373040752351,0.0454545454545455,0.0172413793103448,0.0376175548589342,0.061128526645768,0.0862068965517241,0.0391849529780564,0.0141065830721003,0.0376175548589342,0.0376175548589342
"seq6050",0.0642201834862385,0.0458715596330275,0.055045871559633,0.073394495412844,0.00458715596330275,0.0596330275229358,0.0275229357798165,0.0504587155963303,0.018348623853211,0.0688073394495413,0.105504587155963,0.055045871559633,0.0458715596330275,0.0458715596330275,0.0642201834862385,0.0275229357798165,0.073394495412844,0.0137614678899083,0.0596330275229358,0.0412844036697248
"seq6051",0.0607734806629834,0.0519337016574586,0.0408839779005525,0.0585635359116022,0.00773480662983425,0.0828729281767956,0.0441988950276243,0.0674033149171271,0.0265193370165746,0.0685082872928177,0.0696132596685083,0.061878453038674,0.0132596685082873,0.0265193370165746,0.0607734806629834,0.0895027624309392,0.0530386740331492,0.00441988950276243,0.030939226519337,0.0806629834254144
"seq6052",0.123853211009174,0.0321100917431193,0.0229357798165138,0.0642201834862385,0.0229357798165138,0.0275229357798165,0.0458715596330275,0.0871559633027523,0.036697247706422,0.0275229357798165,0.0917431192660551,0.0275229357798165,0.0137614678899083,0.0412844036697248,0.055045871559633,0.0688073394495413,0.073394495412844,0.018348623853211,0.0137614678899083,0.105504587155963
"seq6053",0.0952380952380952,0.0430839002267574,0.0453514739229025,0.0634920634920635,0.00680272108843537,0.0884353741496599,0.0204081632653061,0.0793650793650794,0.0340136054421769,0.0453514739229025,0.0952380952380952,0.0657596371882086,0.0272108843537415,0.072562358276644,0.0317460317460317,0.0294784580498866,0.0566893424036281,0.0113378684807256,0.0453514739229025,0.0430839002267574
"seq6054",0.0425894378194208,0.0425894378194208,0.0357751277683135,0.0408858603066439,0.0238500851788756,0.0613287904599659,0.0494037478705281,0.0630323679727428,0.030664395229983,0.0698466780238501,0.0954003407155026,0.0647359454855196,0.0289608177172061,0.0511073253833049,0.0477001703577513,0.0715502555366269,0.0664395229982964,0.0238500851788756,0.0374787052810903,0.0528109028960818
"seq6055",0.0661157024793388,0.0247933884297521,0.0826446280991736,0.0537190082644628,0.00826446280991736,0.0289256198347107,0.0289256198347107,0.0991735537190083,0.0165289256198347,0.0289256198347107,0.0702479338842975,0.0537190082644628,0.0330578512396694,0.0578512396694215,0.0413223140495868,0.0537190082644628,0.0950413223140496,0.0330578512396694,0.0702479338842975,0.0537190082644628
"seq6056",0.0739130434782609,0.0565217391304348,0.036231884057971,0.0652173913043478,0.0173913043478261,0.0855072463768116,0.0449275362318841,0.0579710144927536,0.0246376811594203,0.0550724637681159,0.0985507246376812,0.0623188405797101,0.0144927536231884,0.0695652173913043,0.0449275362318841,0.0623188405797101,0.0463768115942029,0.0217391304347826,0.0217391304347826,0.0405797101449275
"seq6057",0.079136690647482,0.0467625899280576,0.0305755395683453,0.0413669064748201,0.0161870503597122,0.0575539568345324,0.0845323741007194,0.0467625899280576,0.0431654676258993,0.0575539568345324,0.111510791366906,0.026978417266187,0.0179856115107914,0.026978417266187,0.0431654676258993,0.0701438848920863,0.0647482014388489,0.0179856115107914,0.0485611510791367,0.0683453237410072
"seq6058",0.115384615384615,0.0412087912087912,0.0384615384615385,0.0384615384615385,0.021978021978022,0.0659340659340659,0.0467032967032967,0.0824175824175824,0.0247252747252747,0.0549450549450549,0.0934065934065934,0.0714285714285714,0.010989010989011,0.021978021978022,0.0521978021978022,0.0549450549450549,0.0604395604395604,0.00824175824175824,0.0357142857142857,0.0604395604395604
"seq6059",0.0994152046783626,0.0584795321637427,0.0467836257309941,0.0409356725146199,0.0233918128654971,0.0994152046783626,0.0584795321637427,0.0701754385964912,0.0350877192982456,0.087719298245614,0.0760233918128655,0.0526315789473684,0.0409356725146199,0.0350877192982456,0.0292397660818713,0.0409356725146199,0.0350877192982456,0.00584795321637427,0.0233918128654971,0.0409356725146199
"seq6060",0.0569306930693069,0.0594059405940594,0.051980198019802,0.0569306930693069,0.0173267326732673,0.0668316831683168,0.051980198019802,0.0495049504950495,0.0173267326732673,0.0445544554455446,0.0594059405940594,0.0792079207920792,0.0222772277227723,0.0396039603960396,0.0643564356435644,0.0965346534653465,0.0495049504950495,0.0099009900990099,0.0297029702970297,0.0767326732673267
"seq6061",0.0645161290322581,0.0645161290322581,0.0161290322580645,0.0483870967741935,0,0.161290322580645,0.0161290322580645,0.0483870967741935,0.0161290322580645,0.032258064516129,0.0483870967741935,0.112903225806452,0.0645161290322581,0.0161290322580645,0.0161290322580645,0.032258064516129,0.0806451612903226,0,0.032258064516129,0.129032258064516
"seq6062",0.0419426048565121,0.0529801324503311,0.0485651214128035,0.0596026490066225,0.0507726269315673,0.0629139072847682,0.0342163355408389,0.0927152317880795,0.0275938189845475,0.0562913907284768,0.0783664459161148,0.0673289183222958,0.0165562913907285,0.0342163355408389,0.043046357615894,0.0838852097130243,0.0562913907284768,0.00993377483443709,0.0320088300220751,0.0507726269315673
"seq6063",0.0520231213872832,0.0520231213872832,0.0664739884393064,0.0520231213872832,0.0115606936416185,0.092485549132948,0.046242774566474,0.0520231213872832,0.0260115606936416,0.0953757225433526,0.101156069364162,0.0578034682080925,0.023121387283237,0.0520231213872832,0.0317919075144509,0.0346820809248555,0.0375722543352601,0.0202312138728324,0.0404624277456647,0.0549132947976879
"seq6064",0.1,0.0333333333333333,0.0555555555555556,0.0555555555555556,0,0.0777777777777778,0.0777777777777778,0.0333333333333333,0,0.0555555555555556,0.1,0.0333333333333333,0.0666666666666667,0.0444444444444444,0.0444444444444444,0.0333333333333333,0.0888888888888889,0,0,0.1
"seq6065",0.113095238095238,0.0773809523809524,0.0238095238095238,0.0357142857142857,0.0535714285714286,0.0892857142857143,0.0416666666666667,0.0892857142857143,0.0238095238095238,0.0595238095238095,0.0833333333333333,0.0178571428571429,0.0357142857142857,0.0178571428571429,0.0357142857142857,0.0595238095238095,0.0654761904761905,0,0.0119047619047619,0.0654761904761905
"seq6066",0.0871080139372822,0.0452961672473868,0.0418118466898955,0.0592334494773519,0.0174216027874564,0.0522648083623693,0.0452961672473868,0.0940766550522648,0.024390243902439,0.0557491289198606,0.0801393728222996,0.0487804878048781,0.0139372822299652,0.0418118466898955,0.0278745644599303,0.0766550522648084,0.0557491289198606,0.0209059233449477,0.0418118466898955,0.0696864111498258
"seq6067",0.0677083333333333,0.0520833333333333,0.0260416666666667,0.0677083333333333,0.0364583333333333,0.0416666666666667,0.0260416666666667,0.0625,0.015625,0.046875,0.0989583333333333,0.0729166666666667,0.015625,0.0364583333333333,0.078125,0.0416666666666667,0.0677083333333333,0.0104166666666667,0.0416666666666667,0.09375
"seq6068",0.0677083333333333,0.046875,0.03125,0.0625,0.0364583333333333,0.046875,0.0260416666666667,0.0572916666666667,0.0104166666666667,0.0520833333333333,0.109375,0.0885416666666667,0.015625,0.03125,0.0729166666666667,0.0364583333333333,0.0677083333333333,0.0104166666666667,0.0416666666666667,0.0885416666666667
"seq6069",0.0875,0.0375,0.0458333333333333,0.075,0.00833333333333333,0.05,0.0333333333333333,0.0916666666666667,0.0208333333333333,0.125,0.0708333333333333,0.0916666666666667,0.0291666666666667,0.0333333333333333,0.0125,0.0416666666666667,0.0458333333333333,0,0.0208333333333333,0.0791666666666667
"seq6070",0.141129032258065,0.0645161290322581,0.0362903225806452,0.0725806451612903,0.0120967741935484,0.0403225806451613,0.0201612903225806,0.104838709677419,0.0241935483870968,0.0483870967741935,0.0604838709677419,0.0443548387096774,0.0483870967741935,0.0483870967741935,0.0201612903225806,0.0443548387096774,0.0564516129032258,0.00806451612903226,0.0120967741935484,0.092741935483871
"seq6071",0.111111111111111,0.0524691358024691,0.0277777777777778,0.0493827160493827,0.00925925925925926,0.058641975308642,0.0524691358024691,0.104938271604938,0.0154320987654321,0.0432098765432099,0.0987654320987654,0.0401234567901235,0.0277777777777778,0.0277777777777778,0.0432098765432099,0.0493827160493827,0.058641975308642,0.0185185185185185,0.0154320987654321,0.095679012345679
"seq6072",0.0595813204508857,0.0611916264090177,0.0595813204508857,0.0676328502415459,0.00966183574879227,0.0950080515297907,0.0386473429951691,0.0386473429951691,0.0257648953301127,0.0611916264090177,0.112721417069243,0.0692431561996779,0.0257648953301127,0.0434782608695652,0.0193236714975845,0.0547504025764895,0.0547504025764895,0.0161030595813204,0.0338164251207729,0.0531400966183575
"seq6073",0.088646967340591,0.0699844479004666,0.0357698289269051,0.0653188180404355,0.0124416796267496,0.0808709175738725,0.046656298600311,0.0793157076205288,0.0186625194401244,0.046656298600311,0.0824261275272162,0.0606531881804044,0.015552099533437,0.0388802488335925,0.0388802488335925,0.0528771384136858,0.0668740279937792,0.0031104199066874,0.0217729393468118,0.0746500777604977
"seq6074",0.0805243445692884,0.048689138576779,0.0374531835205993,0.0617977528089888,0.0205992509363296,0.0767790262172285,0.050561797752809,0.0674157303370786,0.0149812734082397,0.0805243445692884,0.0955056179775281,0.0767790262172285,0.0318352059925094,0.0112359550561798,0.0374531835205993,0.0468164794007491,0.0468164794007491,0.00749063670411985,0.0149812734082397,0.0917602996254682
"seq6075",0.0502625656414104,0.0585146286571643,0.0397599399849963,0.0442610652663166,0.0127531882970743,0.0900225056264066,0.0450112528132033,0.0352588147036759,0.0330082520630158,0.0652663165791448,0.09152288072018,0.0652663165791448,0.0210052513128282,0.040510127531883,0.0892723180795199,0.0832708177044261,0.0435108777194299,0.00675168792198049,0.0307576894223556,0.054013503375844
"seq6076",0.118918918918919,0.0648648648648649,0.0351351351351351,0.0594594594594595,0.0162162162162162,0.0756756756756757,0.0297297297297297,0.0972972972972973,0.0216216216216216,0.0513513513513514,0.0513513513513514,0.0324324324324324,0.0351351351351351,0.027027027027027,0.0297297297297297,0.0594594594594595,0.0594594594594595,0.0027027027027027,0.0189189189189189,0.113513513513514
"seq6077",0.0975609756097561,0.0731707317073171,0,0.0780487804878049,0.0048780487804878,0.0487804878048781,0.0487804878048781,0.0731707317073171,0.0195121951219512,0.0585365853658537,0.0878048780487805,0.0195121951219512,0.0292682926829268,0.0292682926829268,0.0634146341463415,0.0536585365853659,0.0634146341463415,0.0048780487804878,0.0390243902439024,0.107317073170732
"seq6078",0.1,0.0485714285714286,0.0314285714285714,0.0342857142857143,0.02,0.0485714285714286,0.0657142857142857,0.0685714285714286,0.0228571428571429,0.0228571428571429,0.122857142857143,0.0457142857142857,0.0228571428571429,0.0428571428571429,0.0685714285714286,0.0514285714285714,0.0542857142857143,0.0314285714285714,0.0314285714285714,0.0657142857142857
"seq6079",0.136231884057971,0.0521739130434783,0.0405797101449275,0.0463768115942029,0.0115942028985507,0.0521739130434783,0.0666666666666667,0.0782608695652174,0.0260869565217391,0.0521739130434783,0.115942028985507,0.0347826086956522,0.0202898550724638,0.0405797101449275,0.0521739130434783,0.0579710144927536,0.0463768115942029,0,0.0173913043478261,0.0521739130434783
"seq6080",0.0717131474103586,0.0438247011952191,0.0438247011952191,0.0597609561752988,0.0199203187250996,0.051792828685259,0.051792828685259,0.0876494023904383,0.0318725099601594,0.0756972111553785,0.0717131474103586,0.0159362549800797,0.0318725099601594,0.0278884462151394,0.0318725099601594,0.0717131474103586,0.0557768924302789,0.0119521912350598,0.0756972111553785,0.0677290836653386
"seq6081",0.10042735042735,0.0256410256410256,0.0512820512820513,0.0747863247863248,0.0128205128205128,0.0427350427350427,0.047008547008547,0.0641025641025641,0.0213675213675214,0.0683760683760684,0.0833333333333333,0.0512820512820513,0.0299145299145299,0.032051282051282,0.0427350427350427,0.0576923076923077,0.0726495726495727,0.00427350427350427,0.0363247863247863,0.0811965811965812
"seq6082",0.0900832702498107,0.0855412566237699,0.0234670704012112,0.0431491294473883,0.00454201362604088,0.10446631339894,0.0439061317183952,0.0878122634367903,0.0174110522331567,0.0189250567751703,0.0870552611657835,0.0378501135503407,0.0219530658591976,0.0196820590461771,0.0999242997728993,0.0953822861468584,0.0499621498864497,0.00529901589704769,0.0105980317940954,0.0529901589704769
"seq6083",0.142857142857143,0.0496894409937888,0.031055900621118,0.062111801242236,0.0124223602484472,0.0434782608695652,0.0248447204968944,0.0683229813664596,0,0.062111801242236,0.093167701863354,0.0496894409937888,0.031055900621118,0.0124223602484472,0.0248447204968944,0.0745341614906832,0.0745341614906832,0,0.0745341614906832,0.0683229813664596
"seq6084",0.0393013100436681,0.0524017467248908,0.0655021834061135,0.0393013100436681,0.0393013100436681,0.0611353711790393,0.0436681222707424,0.074235807860262,0.0262008733624454,0.0480349344978166,0.0873362445414847,0.074235807860262,0.0436681222707424,0.0349344978165939,0.0174672489082969,0.0611353711790393,0.0524017467248908,0.0349344978165939,0.0436681222707424,0.0611353711790393
"seq6085",0.043613707165109,0.0529595015576324,0.0623052959501558,0.0934579439252336,0.00623052959501558,0.0404984423676012,0.0186915887850467,0.0872274143302181,0.00311526479750779,0.0623052959501558,0.0903426791277259,0.0685358255451713,0.0186915887850467,0.0685358255451713,0.0623052959501558,0.0560747663551402,0.059190031152648,0.0218068535825545,0.0373831775700935,0.0467289719626168
"seq6086",0.0842911877394636,0.0689655172413793,0.0229885057471264,0.0689655172413793,0.0153256704980843,0.053639846743295,0.0727969348659004,0.0689655172413793,0.0344827586206897,0.0421455938697318,0.103448275862069,0.0574712643678161,0.0383141762452107,0.0268199233716475,0.0383141762452107,0.0344827586206897,0.0421455938697318,0.0191570881226054,0.0383141762452107,0.0689655172413793
"seq6087",0.0340425531914894,0.0680851063829787,0.0638297872340425,0.0553191489361702,0.0170212765957447,0.0638297872340425,0.0212765957446809,0.0553191489361702,0.0170212765957447,0.0595744680851064,0.11063829787234,0.0936170212765957,0.0127659574468085,0.0382978723404255,0.025531914893617,0.0765957446808511,0.0723404255319149,0.00851063829787234,0.0382978723404255,0.0680851063829787
"seq6088",0.0608695652173913,0.0521739130434783,0.0956521739130435,0.0521739130434783,0.0260869565217391,0.0260869565217391,0.0347826086956522,0.104347826086957,0.0173913043478261,0.0521739130434783,0.0782608695652174,0.0434782608695652,0.0347826086956522,0,0.0434782608695652,0.0521739130434783,0.0695652173913043,0.0260869565217391,0.0434782608695652,0.0869565217391304
"seq6089",0.130699088145897,0.109422492401216,0.00911854103343465,0.0820668693009119,0.0243161094224924,0.0547112462006079,0.0121580547112462,0.0911854103343465,0.0425531914893617,0.0151975683890578,0.103343465045593,0.00911854103343465,0.0182370820668693,0.0364741641337386,0.0395136778115502,0.0547112462006079,0.0425531914893617,0.027355623100304,0.0243161094224924,0.0729483282674772
"seq6090",0.0790123456790123,0.0320987654320988,0.0345679012345679,0.0493827160493827,0.0246913580246914,0.054320987654321,0.0444444444444444,0.0716049382716049,0.0444444444444444,0.054320987654321,0.106172839506173,0.054320987654321,0.0246913580246914,0.0444444444444444,0.0493827160493827,0.0740740740740741,0.0592592592592593,0.00740740740740741,0.0246913580246914,0.0666666666666667
"seq6091",0.0691489361702128,0.0638297872340425,0.0106382978723404,0.0585106382978723,0.0159574468085106,0.117021276595745,0.0372340425531915,0.0638297872340425,0.0212765957446809,0.0585106382978723,0.117021276595745,0.0797872340425532,0.0265957446808511,0.0212765957446809,0.0478723404255319,0.0372340425531915,0.0478723404255319,0.0159574468085106,0.0531914893617021,0.0372340425531915
"seq6092",0.0701754385964912,0.0467836257309941,0.0467836257309941,0.0701754385964912,0,0.0994152046783626,0.0350877192982456,0.0584795321637427,0.0233918128654971,0.0701754385964912,0.0994152046783626,0.0935672514619883,0.0409356725146199,0.0584795321637427,0.0233918128654971,0.0350877192982456,0.0350877192982456,0.00584795321637427,0.0350877192982456,0.0526315789473684
"seq6093",0.109803921568627,0.0901960784313725,0.0274509803921569,0.0901960784313725,0.00784313725490196,0.0549019607843137,0.0392156862745098,0.0784313725490196,0.0235294117647059,0.0431372549019608,0.105882352941176,0.0313725490196078,0.0313725490196078,0.0274509803921569,0.0509803921568627,0.0352941176470588,0.0392156862745098,0.0196078431372549,0.0235294117647059,0.0705882352941176
"seq6094",0.0368271954674221,0.0424929178470255,0.0311614730878187,0.0254957507082153,0.0169971671388102,0.101983002832861,0.0084985835694051,0.0679886685552408,0.0198300283286119,0.084985835694051,0.11614730878187,0.13314447592068,0.0056657223796034,0.0793201133144476,0.0396600566572238,0.0453257790368272,0.0453257790368272,0.0084985835694051,0.0254957507082153,0.0651558073654391
"seq6095",0.174418604651163,0,0.0232558139534884,0.0465116279069767,0.0930232558139535,0,0.0465116279069767,0.0581395348837209,0.0116279069767442,0.0465116279069767,0.104651162790698,0.0465116279069767,0.0116279069767442,0.0697674418604651,0.0581395348837209,0.0465116279069767,0.0813953488372093,0,0,0.0813953488372093
"seq6096",0.0610236220472441,0.0492125984251969,0.0511811023622047,0.0275590551181102,0.0295275590551181,0.047244094488189,0.0433070866141732,0.0433070866141732,0.031496062992126,0.0669291338582677,0.094488188976378,0.0511811023622047,0.0334645669291339,0.0649606299212598,0.0551181102362205,0.0452755905511811,0.0551181102362205,0.0275590551181102,0.0531496062992126,0.0688976377952756
"seq6097",0.135483870967742,0.0193548387096774,0.0451612903225806,0.0645161290322581,0.0258064516129032,0.0516129032258065,0.0387096774193548,0.109677419354839,0.0129032258064516,0.0516129032258065,0.0903225806451613,0.032258064516129,0.0129032258064516,0.0580645161290323,0.0645161290322581,0.0645161290322581,0.0516129032258065,0,0.0387096774193548,0.032258064516129
"seq6098",0.10828025477707,0.0254777070063694,0.0382165605095541,0.0764331210191083,0.0318471337579618,0.0382165605095541,0.0318471337579618,0.0828025477707006,0.00636942675159236,0.0318471337579618,0.0764331210191083,0.0573248407643312,0.0127388535031847,0.0573248407643312,0.0382165605095541,0.089171974522293,0.089171974522293,0.0127388535031847,0.0509554140127389,0.0445859872611465
"seq6099",0.0962962962962963,0.0388888888888889,0.05,0.0537037037037037,0.00925925925925926,0.0462962962962963,0.0481481481481481,0.0888888888888889,0.0259259259259259,0.0333333333333333,0.1,0.0388888888888889,0.0277777777777778,0.0351851851851852,0.0518518518518519,0.062962962962963,0.0703703703703704,0.00925925925925926,0.0333333333333333,0.0796296296296296
"seq6100",0.0961538461538462,0.0544871794871795,0.032051282051282,0.0416666666666667,0.00320512820512821,0.0801282051282051,0.032051282051282,0.0769230769230769,0.0352564102564103,0.0448717948717949,0.0833333333333333,0.0480769230769231,0.0448717948717949,0.0384615384615385,0.0641025641025641,0.0512820512820513,0.0480769230769231,0.0256410256410256,0.032051282051282,0.0673076923076923
"seq6101",0.188524590163934,0.069672131147541,0.0327868852459016,0.0532786885245902,0.0245901639344262,0.0368852459016393,0.0122950819672131,0.131147540983607,0.0122950819672131,0.0491803278688525,0.0942622950819672,0.0163934426229508,0.0204918032786885,0.0204918032786885,0.0491803278688525,0.0286885245901639,0.040983606557377,0.00819672131147541,0.0122950819672131,0.0983606557377049
"seq6102",0.0844155844155844,0.0714285714285714,0.0194805194805195,0.0714285714285714,0.00649350649350649,0.11038961038961,0.0584415584415584,0.051948051948052,0.051948051948052,0.051948051948052,0.149350649350649,0.0324675324675325,0.038961038961039,0.0194805194805195,0.0324675324675325,0.025974025974026,0.0454545454545455,0.012987012987013,0.038961038961039,0.025974025974026
"seq6103",0.100917431192661,0.0764525993883792,0.0397553516819572,0.0795107033639144,0.00611620795107034,0.0611620795107034,0.0397553516819572,0.0611620795107034,0.0336391437308868,0.0581039755351682,0.107033639143731,0.0305810397553517,0.0244648318042813,0.055045871559633,0.0672782874617737,0.0275229357798165,0.0428134556574924,0.0244648318042813,0.0275229357798165,0.036697247706422
"seq6104",0.0692124105011933,0.0405727923627685,0.0310262529832936,0.0548926014319809,0.00477326968973747,0.0572792362768496,0.0525059665871122,0.0739856801909308,0.0262529832935561,0.0644391408114559,0.0930787589498807,0.0429594272076372,0.0143198090692124,0.0501193317422434,0.035799522673031,0.0906921241050119,0.0668257756563246,0.0190930787589499,0.0501193317422434,0.0620525059665871
"seq6105",0.0890688259109312,0.0404858299595142,0.0283400809716599,0.048582995951417,0.0404858299595142,0.0728744939271255,0.0445344129554656,0.0931174089068826,0.0121457489878543,0.0809716599190283,0.0728744939271255,0.0566801619433198,0.0323886639676113,0.0121457489878543,0.0445344129554656,0.0445344129554656,0.0566801619433198,0.00404858299595142,0.0445344129554656,0.0809716599190283
"seq6106",0.115384615384615,0.0699300699300699,0.0314685314685315,0.0454545454545455,0,0.0909090909090909,0.0384615384615385,0.048951048951049,0.00699300699300699,0.0699300699300699,0.0734265734265734,0.0664335664335664,0.034965034965035,0.034965034965035,0.041958041958042,0.0594405594405594,0.0699300699300699,0,0.034965034965035,0.0664335664335664
"seq6107",0.156626506024096,0.0933734939759036,0.0150602409638554,0.0662650602409639,0.0120481927710843,0.0602409638554217,0.0512048192771084,0.0843373493975904,0.0301204819277108,0.0481927710843374,0.117469879518072,0.0120481927710843,0.0301204819277108,0.0301204819277108,0.0512048192771084,0.0421686746987952,0.0180722891566265,0.0150602409638554,0.00903614457831325,0.0572289156626506
