"","A","R","N","D","C","E","Q","G","H","I","L","K","M","F","P","S","T","W","Y","V"
"seq2001",0.0425963488843813,0.050709939148073,0.0425963488843813,0.0425963488843813,0.0425963488843813,0.0933062880324544,0.0588235294117647,0.0486815415821501,0.026369168356998,0.0527383367139959,0.0892494929006085,0.0628803245436105,0.0162271805273834,0.0405679513184584,0.0466531440162272,0.0730223123732252,0.0486815415821501,0.0141987829614604,0.0283975659229209,0.0791075050709939
"seq2002",0.0853080568720379,0.0616113744075829,0.028436018957346,0.028436018957346,0.00947867298578199,0.0663507109004739,0.0805687203791469,0.0995260663507109,0.028436018957346,0.037914691943128,0.0995260663507109,0.00947867298578199,0.023696682464455,0.0568720379146919,0.0521327014218009,0.0473933649289099,0.042654028436019,0.014218009478673,0.033175355450237,0.0947867298578199
"seq2003",0.0815789473684211,0.0789473684210526,0.0342105263157895,0.0578947368421053,0.0105263157894737,0.102631578947368,0.0394736842105263,0.0631578947368421,0.00526315789473684,0.0552631578947368,0.0815789473684211,0.0605263157894737,0.0210526315789474,0.0421052631578947,0.0447368421052632,0.068421052631579,0.0342105263157895,0.00789473684210526,0.0315789473684211,0.0789473684210526
"seq2004",0.0694444444444444,0.0648148148148148,0.0648148148148148,0.0462962962962963,0.0462962962962963,0.087962962962963,0.0509259259259259,0.0416666666666667,0.0324074074074074,0.0231481481481481,0.0648148148148148,0.0694444444444444,0.0231481481481481,0.0462962962962963,0.0416666666666667,0.0694444444444444,0.0324074074074074,0.00925925925925926,0.0509259259259259,0.0648148148148148
"seq2005",0.0559006211180124,0.0559006211180124,0.0496894409937888,0.0372670807453416,0.0186335403726708,0.0869565217391304,0.0434782608695652,0.0496894409937888,0.0124223602484472,0.062111801242236,0.0807453416149068,0.0559006211180124,0.0248447204968944,0.0559006211180124,0.0372670807453416,0.093167701863354,0.0434782608695652,0,0.0372670807453416,0.0993788819875776
"seq2006",0.114754098360656,0.0432190760059613,0.0283159463487332,0.0506706408345753,0.0178837555886736,0.0551415797317437,0.0327868852459016,0.0938897168405365,0.0312965722801788,0.0461997019374069,0.0760059612518629,0.0461997019374069,0.0283159463487332,0.0342771982116244,0.0506706408345753,0.0745156482861401,0.0506706408345753,0.00894187779433681,0.0312965722801788,0.0849478390461997
"seq2007",0.0548926014319809,0.081145584725537,0.0405727923627685,0.0668257756563246,0.0214797136038186,0.0644391408114559,0.0334128878281623,0.0763723150357995,0.0214797136038186,0.0548926014319809,0.0978520286396181,0.0596658711217184,0.0238663484486874,0.035799522673031,0.0525059665871122,0.045346062052506,0.0572792362768496,0.0119331742243437,0.0310262529832936,0.0692124105011933
"seq2008",0.0429447852760736,0.0368098159509202,0.0736196319018405,0.0306748466257669,0.0184049079754601,0.0552147239263804,0.00613496932515337,0.141104294478528,0.0184049079754601,0.0736196319018405,0.0613496932515337,0.0552147239263804,0.0184049079754601,0.0245398773006135,0.0429447852760736,0.110429447852761,0.0858895705521472,0.0184049079754601,0.0184049079754601,0.0674846625766871
"seq2009",0.092485549132948,0.046242774566474,0.0289017341040462,0.0404624277456647,0,0.144508670520231,0.0404624277456647,0.0289017341040462,0.023121387283237,0.0404624277456647,0.0982658959537572,0.0578034682080925,0.0520231213872832,0.0520231213872832,0.0289017341040462,0.069364161849711,0.0173410404624277,0.023121387283237,0.046242774566474,0.069364161849711
"seq2010",0.0637065637065637,0.0579150579150579,0.0347490347490347,0.0482625482625483,0.00579150579150579,0.0733590733590734,0.0154440154440154,0.0714285714285714,0.0173745173745174,0.0521235521235521,0.104247104247104,0.0733590733590734,0.0154440154440154,0.0694980694980695,0.0656370656370656,0.0714285714285714,0.055984555984556,0.00772200772200772,0.0328185328185328,0.0637065637065637
"seq2011",0.104294478527607,0.0276073619631902,0.0460122699386503,0.0797546012269939,0,0.0521472392638037,0.0306748466257669,0.0705521472392638,0.0184049079754601,0.0950920245398773,0.0736196319018405,0.0766871165644172,0.0214723926380368,0.0306748466257669,0.0368098159509202,0.0613496932515337,0.0521472392638037,0.00920245398773006,0.0337423312883436,0.0797546012269939
"seq2012",0.0583554376657825,0.0291777188328912,0.0477453580901857,0.0716180371352785,0.00795755968169761,0.0716180371352785,0.0185676392572944,0.0557029177718833,0.0212201591511936,0.0795755968169761,0.0848806366047745,0.103448275862069,0.013262599469496,0.0344827586206897,0.0238726790450928,0.0742705570291777,0.0397877984084881,0,0.0795755968169761,0.0848806366047745
"seq2013",0.0348360655737705,0.055327868852459,0.0368852459016393,0.0348360655737705,0.0471311475409836,0.0963114754098361,0.0532786885245902,0.0368852459016393,0.0245901639344262,0.0368852459016393,0.108606557377049,0.0778688524590164,0.0225409836065574,0.0348360655737705,0.0389344262295082,0.0799180327868853,0.040983606557377,0.0225409836065574,0.0368852459016393,0.0799180327868853
"seq2014",0.0859598853868195,0.0229226361031519,0.0401146131805158,0.0401146131805158,0.0315186246418338,0.0716332378223496,0.0458452722063037,0.103151862464183,0.0229226361031519,0.0716332378223496,0.0888252148997135,0.0716332378223496,0.0257879656160458,0.0429799426934097,0.0429799426934097,0.0372492836676218,0.0429799426934097,0.00573065902578797,0.0143266475644699,0.0916905444126074
"seq2015",0.0538116591928251,0.062780269058296,0.0358744394618834,0.0493273542600897,0.00896860986547085,0.0672645739910314,0.0493273542600897,0.0672645739910314,0.0358744394618834,0.062780269058296,0.10762331838565,0.062780269058296,0.0179372197309417,0.031390134529148,0.062780269058296,0.062780269058296,0.0448430493273543,0.0134529147982063,0.031390134529148,0.0717488789237668
"seq2016",0.111517367458867,0.0548446069469835,0.0292504570383912,0.0639853747714808,0.0109689213893967,0.0639853747714808,0.0438756855575868,0.0621572212065814,0.0219378427787934,0.0530164533820841,0.0712979890310786,0.0658135283363803,0.0310786106032907,0.0292504570383912,0.0475319926873857,0.0694698354661792,0.0548446069469835,0.020109689213894,0.0383912248628885,0.056672760511883
"seq2017",0.126984126984127,0.037037037037037,0.0317460317460317,0.0476190476190476,0.0158730158730159,0.0793650793650794,0.0211640211640212,0.0952380952380952,0.0158730158730159,0.0529100529100529,0.0952380952380952,0.0846560846560847,0.0264550264550265,0.0158730158730159,0.0476190476190476,0.0476190476190476,0.0423280423280423,0,0.0158730158730159,0.100529100529101
"seq2018",0.104166666666667,0.0347222222222222,0.0347222222222222,0.0416666666666667,0,0.0138888888888889,0.0486111111111111,0.0972222222222222,0.00694444444444444,0.0486111111111111,0.118055555555556,0.0763888888888889,0.00694444444444444,0.0486111111111111,0.0763888888888889,0.0833333333333333,0.0694444444444444,0.00694444444444444,0.0347222222222222,0.0486111111111111
"seq2019",0.074468085106383,0.0283687943262411,0.0567375886524823,0.0390070921985816,0.0177304964539007,0.0638297872340425,0.0319148936170213,0.0673758865248227,0.0106382978723404,0.0921985815602837,0.0921985815602837,0.0531914893617021,0.0212765957446809,0.0425531914893617,0.024822695035461,0.102836879432624,0.0602836879432624,0.0177304964539007,0.024822695035461,0.0780141843971631
"seq2020",0.0631443298969072,0.0502577319587629,0.0657216494845361,0.0554123711340206,0.00644329896907216,0.0489690721649485,0.0438144329896907,0.0528350515463918,0.00515463917525773,0.0682989690721649,0.0708762886597938,0.0360824742268041,0.0206185567010309,0.0438144329896907,0.0438144329896907,0.103092783505155,0.0927835051546392,0.0115979381443299,0.047680412371134,0.0695876288659794
"seq2021",0.0541237113402062,0.0528350515463918,0.0682989690721649,0.0554123711340206,0.00644329896907216,0.0412371134020619,0.0425257731958763,0.0489690721649485,0.00644329896907216,0.0721649484536082,0.0734536082474227,0.0399484536082474,0.0206185567010309,0.0463917525773196,0.0463917525773196,0.0940721649484536,0.105670103092784,0.0103092783505155,0.0438144329896907,0.0708762886597938
"seq2022",0.0673575129533679,0.0505181347150259,0.0738341968911917,0.0569948186528497,0.00518134715025907,0.0531088082901554,0.0375647668393782,0.0466321243523316,0.00647668393782383,0.0725388601036269,0.0725388601036269,0.0375647668393782,0.0181347150259067,0.0453367875647668,0.0336787564766839,0.101036269430052,0.0738341968911917,0.0116580310880829,0.0544041450777202,0.0816062176165803
"seq2023",0.0781893004115226,0.0205761316872428,0.0493827160493827,0.0699588477366255,0.0205761316872428,0.0534979423868313,0.0411522633744856,0.0493827160493827,0.0123456790123457,0.0781893004115226,0.102880658436214,0.0740740740740741,0.0164609053497942,0.0452674897119342,0.0411522633744856,0.0864197530864197,0.0617283950617284,0.00411522633744856,0.0246913580246914,0.0699588477366255
"seq2024",0.0449438202247191,0.0404494382022472,0.051685393258427,0.051685393258427,0.0134831460674157,0.0674157303370786,0.0382022471910112,0.0561797752808989,0.0202247191011236,0.0831460674157303,0.112359550561798,0.0584269662921348,0.0157303370786517,0.0359550561797753,0.0584269662921348,0.0629213483146067,0.0696629213483146,0.0157303370786517,0.0337078651685393,0.0696629213483146
"seq2025",0.0616740088105727,0.0374449339207048,0.0484581497797357,0.0638766519823789,0.026431718061674,0.0484581497797357,0.0242290748898678,0.0572687224669604,0.0176211453744493,0.0682819383259912,0.10352422907489,0.0638766519823789,0.0176211453744493,0.0616740088105727,0.0594713656387665,0.0682819383259912,0.0704845814977974,0.0110132158590308,0.0330396475770925,0.0572687224669604
"seq2026",0.0656063618290258,0.0675944333996024,0.0298210735586481,0.0656063618290258,0.00397614314115308,0.0914512922465209,0.0119284294234592,0.0695825049701789,0.025844930417495,0.0616302186878728,0.113320079522863,0.0675944333996024,0.0238568588469185,0.047713717693837,0.0318091451292246,0.0695825049701789,0.0357852882703777,0.0139165009940358,0.0218687872763419,0.0815109343936382
"seq2027",0.0763636363636364,0.0181818181818182,0.0654545454545455,0.0472727272727273,0,0.0509090909090909,0.0290909090909091,0.0545454545454545,0.0181818181818182,0.0545454545454545,0.0618181818181818,0.0545454545454545,0.00727272727272727,0.0763636363636364,0.0327272727272727,0.0981818181818182,0.116363636363636,0.0181818181818182,0.0327272727272727,0.0872727272727273
"seq2028",0.0869565217391304,0.0434782608695652,0.0217391304347826,0.0797101449275362,0.0217391304347826,0.072463768115942,0.036231884057971,0.0434782608695652,0.0072463768115942,0.0652173913043478,0.0869565217391304,0.0797101449275362,0.0144927536231884,0.0289855072463768,0.0144927536231884,0.13768115942029,0.0652173913043478,0.0072463768115942,0,0.0869565217391304
"seq2029",0.129716981132075,0.0825471698113208,0.0141509433962264,0.0471698113207547,0.00235849056603774,0.0778301886792453,0.00943396226415094,0.108490566037736,0.0165094339622642,0.0306603773584906,0.101415094339623,0.044811320754717,0.0141509433962264,0.0400943396226415,0.0424528301886792,0.0471698113207547,0.0259433962264151,0.00707547169811321,0.0377358490566038,0.120283018867925
"seq2030",0.109550561797753,0.0308988764044944,0.0674157303370786,0.0393258426966292,0.047752808988764,0.0168539325842697,0.0365168539325843,0.0730337078651685,0.00842696629213483,0.0533707865168539,0.101123595505618,0.0280898876404494,0.0196629213483146,0.0252808988764045,0.0533707865168539,0.101123595505618,0.098314606741573,0.00561797752808989,0.0280898876404494,0.0561797752808989
"seq2031",0.0830769230769231,0.0707692307692308,0.0276923076923077,0.0707692307692308,0.00923076923076923,0.0584615384615385,0.0276923076923077,0.0892307692307692,0.0123076923076923,0.0584615384615385,0.0769230769230769,0.0338461538461538,0.0369230769230769,0.0430769230769231,0.0553846153846154,0.0307692307692308,0.0615384615384615,0.0184615384615385,0.0338461538461538,0.101538461538462
"seq2032",0.0557275541795666,0.0588235294117647,0.0402476780185759,0.0773993808049536,0.00619195046439629,0.0464396284829721,0.021671826625387,0.0897832817337461,0.0154798761609907,0.0743034055727554,0.0928792569659443,0.0464396284829721,0.0309597523219814,0.0402476780185759,0.0557275541795666,0.0557275541795666,0.0557275541795666,0.0154798761609907,0.043343653250774,0.0773993808049536
"seq2033",0.0994475138121547,0.0414364640883978,0.0220994475138122,0.069060773480663,0.0220994475138122,0.069060773480663,0.0441988950276243,0.0469613259668508,0.0165745856353591,0.0386740331491713,0.0801104972375691,0.0662983425414365,0.0414364640883978,0.0524861878453039,0.0331491712707182,0.0386740331491713,0.0580110497237569,0.0165745856353591,0.0469613259668508,0.0966850828729282
"seq2034",0.0831683168316832,0.0316831683168317,0.0534653465346535,0.0594059405940594,0.00396039603960396,0.0495049504950495,0.0376237623762376,0.0851485148514852,0.0158415841584158,0.0633663366336634,0.0653465346534653,0.0534653465346535,0.0217821782178218,0.0336633663366337,0.0475247524752475,0.0851485148514852,0.0732673267326733,0.0198019801980198,0.0495049504950495,0.0673267326732673
"seq2035",0.0818181818181818,0.0181818181818182,0.0424242424242424,0.103030303030303,0.0121212121212121,0.109090909090909,0.0363636363636364,0.0272727272727273,0.0151515151515152,0.0636363636363636,0.103030303030303,0.1,0.0212121212121212,0.0181818181818182,0.0242424242424242,0.0757575757575758,0.0575757575757576,0.00909090909090909,0.0363636363636364,0.0454545454545455
"seq2036",0.0581395348837209,0.0406976744186047,0.0290697674418605,0.0872093023255814,0,0.13953488372093,0.0348837209302326,0.0581395348837209,0,0.0523255813953488,0.0755813953488372,0.13953488372093,0.0581395348837209,0.0581395348837209,0.0174418604651163,0.0581395348837209,0.0581395348837209,0,0.00581395348837209,0.0290697674418605
"seq2037",0.0745688608209862,0.0303619140150595,0.0493077483604566,0.0548943405392276,0.0332766577605052,0.0400777264998785,0.0242895312120476,0.0735972795725043,0.0177313577847948,0.0463930046150109,0.0891425795482147,0.0568375030361914,0.019917415593879,0.0621811999028419,0.0344911343211076,0.0718970123876609,0.0590235608452757,0.0106873937333009,0.0420208889968424,0.109302890454214
"seq2038",0.0822942643391521,0.0448877805486284,0.0523690773067332,0.0798004987531172,0.0149625935162095,0.027431421446384,0.0224438902743142,0.0897755610972569,0.0174563591022444,0.0548628428927681,0.0798004987531172,0.0648379052369077,0.0199501246882793,0.0349127182044888,0.0324189526184539,0.0798004987531172,0.0598503740648379,0.0124688279301746,0.0174563591022444,0.112219451371571
"seq2039",0.0668043061495355,0.0333284176375166,0.0529420439463206,0.0586934080519097,0.0364253060020646,0.0395221943666126,0.0255124612888954,0.0682790148945583,0.0209408641793246,0.0471906798407315,0.0870078159563486,0.0586934080519097,0.0212358059283292,0.058840878926412,0.035098068131544,0.0706385488865949,0.059873175047928,0.011355257336676,0.0466007963427223,0.101017549034066
"seq2040",0.0972222222222222,0.0138888888888889,0.0555555555555556,0.0902777777777778,0.0486111111111111,0.0625,0.0486111111111111,0.0347222222222222,0.0138888888888889,0.0486111111111111,0.104166666666667,0.0416666666666667,0.0347222222222222,0.0347222222222222,0.0486111111111111,0.0625,0.0347222222222222,0.0138888888888889,0.0277777777777778,0.0833333333333333
"seq2041",0.075070821529745,0.0637393767705382,0.0481586402266289,0.0339943342776204,0.0453257790368272,0.0736543909348442,0.0354107648725212,0.0382436260623229,0.0396600566572238,0.0339943342776204,0.0793201133144476,0.0538243626062323,0.0269121813031161,0.0339943342776204,0.0920679886685552,0.104815864022663,0.0481586402266289,0.00141643059490085,0.0311614730878187,0.0410764872521246
"seq2042",0.0581113801452785,0.0968523002421307,0.0217917675544794,0.0508474576271186,0.026634382566586,0.0702179176755448,0.0581113801452785,0.0653753026634383,0.0242130750605327,0.0484261501210654,0.106537530266344,0.062953995157385,0.00726392251815981,0.0314769975786925,0.0944309927360775,0.0532687651331719,0.0508474576271186,0.00484261501210654,0.0217917675544794,0.0460048426150121
"seq2043",0.0868320610687023,0.0610687022900763,0.025763358778626,0.0391221374045802,0.0190839694656489,0.0935114503816794,0.0610687022900763,0.0677480916030534,0.0286259541984733,0.025763358778626,0.123091603053435,0.0477099236641221,0.0200381679389313,0.0343511450381679,0.0629770992366412,0.066793893129771,0.049618320610687,0.0143129770992366,0.0181297709923664,0.0543893129770992
"seq2044",0.0727969348659004,0.0268199233716475,0.0651340996168582,0.053639846743295,0.00383141762452107,0.0498084291187739,0.0344827586206897,0.0613026819923372,0.0421455938697318,0.0383141762452107,0.0766283524904215,0.0689655172413793,0.0114942528735632,0.0421455938697318,0.0651340996168582,0.114942528735632,0.053639846743295,0.0229885057471264,0.0306513409961686,0.0651340996168582
"seq2045",0.104166666666667,0.0740740740740741,0.0324074074074074,0.0439814814814815,0.00462962962962963,0.0833333333333333,0.0231481481481481,0.0925925925925926,0.0162037037037037,0.0671296296296296,0.0787037037037037,0.0462962962962963,0.0277777777777778,0.0185185185185185,0.0578703703703704,0.0439814814814815,0.0393518518518519,0.0162037037037037,0.0393518518518519,0.0902777777777778
"seq2046",0.0597014925373134,0.0724946695095949,0.046908315565032,0.0533049040511727,0.023454157782516,0.0852878464818763,0.0447761194029851,0.046908315565032,0.023454157782516,0.0554371002132196,0.0852878464818763,0.0533049040511727,0.0277185501066098,0.0341151385927505,0.0490405117270789,0.0533049040511727,0.0447761194029851,0.00852878464818763,0.0511727078891258,0.0810234541577825
"seq2047",0.100401606425703,0.0441767068273092,0.0481927710843374,0.0441767068273092,0.0281124497991968,0.072289156626506,0.0401606425702811,0.104417670682731,0.0160642570281124,0.0682730923694779,0.0602409638554217,0.0602409638554217,0.0281124497991968,0.0321285140562249,0.0481927710843374,0.0481927710843374,0.0321285140562249,0.0200803212851406,0.0200803212851406,0.0843373493975904
"seq2048",0.0732265446224256,0.0411899313501144,0.0205949656750572,0.0411899313501144,0.0366132723112128,0.068649885583524,0.05720823798627,0.080091533180778,0.0366132723112128,0.0411899313501144,0.116704805491991,0.034324942791762,0.0183066361556064,0.0389016018306636,0.0640732265446224,0.0709382151029748,0.0411899313501144,0.0183066361556064,0.045766590389016,0.0549199084668192
"seq2049",0.0937207122774133,0.0618556701030928,0.0290534208059981,0.0393626991565136,0.0178069353327085,0.0815370196813496,0.0627928772258669,0.0740393626991565,0.0253045923149016,0.0178069353327085,0.12464854732896,0.0440487347703843,0.0159325210871603,0.0328022492970947,0.0656044985941893,0.0665417057169635,0.0506091846298032,0.0159325210871603,0.0196813495782568,0.0609184629803187
"seq2050",0.0782608695652174,0.0608695652173913,0.0434782608695652,0.0434782608695652,0.0956521739130435,0.0608695652173913,0.0521739130434783,0.104347826086957,0.00869565217391304,0.0608695652173913,0.0695652173913043,0.0173913043478261,0.0173913043478261,0.0434782608695652,0.0260869565217391,0.0608695652173913,0.0260869565217391,0.00869565217391304,0.0260869565217391,0.0956521739130435
"seq2051",0.118705035971223,0.0503597122302158,0.0323741007194245,0.0503597122302158,0.0143884892086331,0.0503597122302158,0.0755395683453237,0.0935251798561151,0.0143884892086331,0.0503597122302158,0.10431654676259,0.0467625899280576,0.0215827338129496,0.0467625899280576,0.0323741007194245,0.0467625899280576,0.0539568345323741,0.00719424460431655,0.0287769784172662,0.0611510791366906
"seq2052",0.120879120879121,0.0512820512820513,0.0311355311355311,0.0677655677655678,0.010989010989011,0.0586080586080586,0.0512820512820513,0.0622710622710623,0.0201465201465201,0.0512820512820513,0.0769230769230769,0.0659340659340659,0.0274725274725275,0.0347985347985348,0.0402930402930403,0.0604395604395604,0.0622710622710623,0.021978021978022,0.0347985347985348,0.0494505494505494
"seq2053",0.0762331838565022,0.0807174887892377,0.0448430493273543,0.0717488789237668,0.0179372197309417,0.0807174887892377,0.0448430493273543,0.031390134529148,0.0269058295964126,0.0717488789237668,0.0852017937219731,0.0493273542600897,0.0224215246636771,0.0269058295964126,0.0358744394618834,0.0672645739910314,0.0448430493273543,0.0134529147982063,0.0493273542600897,0.0582959641255605
"seq2054",0.0709677419354839,0.0483870967741935,0.0548387096774194,0.067741935483871,0.0032258064516129,0.0483870967741935,0.0387096774193548,0.067741935483871,0.00645161290322581,0.0870967741935484,0.106451612903226,0.067741935483871,0.0129032258064516,0.0354838709677419,0.0516129032258065,0.0741935483870968,0.0516129032258065,0.0161290322580645,0.0161290322580645,0.0741935483870968
"seq2055",0.132029339853301,0.0488997555012225,0.0268948655256724,0.0440097799511002,0.0293398533007335,0.0537897310513447,0.0366748166259169,0.0904645476772616,0.0293398533007335,0.0537897310513447,0.0880195599022005,0.0342298288508557,0.0317848410757946,0.0366748166259169,0.0562347188264059,0.0660146699266504,0.0342298288508557,0.00488997555012225,0.0244498777506112,0.078239608801956
"seq2056",0.0767045454545455,0.0738636363636364,0.0170454545454545,0.0340909090909091,0.0369318181818182,0.0625,0.0823863636363636,0.0539772727272727,0.0340909090909091,0.0482954545454545,0.130681818181818,0.0369318181818182,0.0284090909090909,0.0568181818181818,0.0539772727272727,0.0426136363636364,0.0596590909090909,0,0.0198863636363636,0.0511363636363636
"seq2057",0.060126582278481,0.0348101265822785,0.0474683544303797,0.0474683544303797,0.0221518987341772,0.0727848101265823,0.0411392405063291,0.0506329113924051,0.0284810126582278,0.0569620253164557,0.107594936708861,0.0791139240506329,0.0189873417721519,0.0348101265822785,0.0632911392405063,0.0537974683544304,0.0474683544303797,0.0189873417721519,0.0348101265822785,0.0791139240506329
"seq2058",0.10077519379845,0.0697674418604651,0.0387596899224806,0.0310077519379845,0.0310077519379845,0.062015503875969,0.0387596899224806,0.10077519379845,0.0310077519379845,0.0387596899224806,0.0852713178294574,0.0465116279069767,0.0232558139534884,0.00775193798449612,0.062015503875969,0.0697674418604651,0.0542635658914729,0.0155038759689922,0.0155038759689922,0.0775193798449612
"seq2059",0.0572737686139748,0.0469644902634593,0.0607101947308133,0.0481099656357388,0.00916380297823597,0.0950744558991982,0.0469644902634593,0.0446735395189003,0.0206185567010309,0.0492554410080183,0.0687285223367698,0.0778923253150057,0.0148911798396334,0.0286368843069874,0.0584192439862543,0.0962199312714777,0.0790378006872852,0.013745704467354,0.0229095074455899,0.0607101947308133
"seq2060",0.0897435897435897,0.0576923076923077,0.00641025641025641,0.0833333333333333,0.0192307692307692,0.0576923076923077,0.0512820512820513,0.0384615384615385,0.00641025641025641,0.0512820512820513,0.134615384615385,0.0448717948717949,0.0448717948717949,0.0256410256410256,0.0705128205128205,0.0576923076923077,0.0384615384615385,0,0.0384615384615385,0.0833333333333333
"seq2061",0.0752351097178683,0.0470219435736677,0.0219435736677116,0.0407523510971787,0.0282131661442006,0.0783699059561129,0.0595611285266458,0.0626959247648903,0.0250783699059561,0.0658307210031348,0.103448275862069,0.0532915360501567,0.0438871473354232,0.0250783699059561,0.0564263322884013,0.0752351097178683,0.0250783699059561,0.00940438871473354,0.0219435736677116,0.0815047021943574
"seq2062",0.0912087912087912,0.0714285714285714,0.0373626373626374,0.0494505494505494,0.0131868131868132,0.089010989010989,0.0395604395604396,0.0637362637362637,0.021978021978022,0.0516483516483516,0.0846153846153846,0.0637362637362637,0.0142857142857143,0.0373626373626374,0.0494505494505494,0.0582417582417582,0.0483516483516484,0.00879120879120879,0.0307692307692308,0.0758241758241758
"seq2063",0.0264084507042254,0.0475352112676056,0.0369718309859155,0.0598591549295775,0.0105633802816901,0.0862676056338028,0.0264084507042254,0.0299295774647887,0.0387323943661972,0.0352112676056338,0.0669014084507042,0.110915492957746,0.0158450704225352,0.0369718309859155,0.0721830985915493,0.200704225352113,0.0404929577464789,0.00176056338028169,0.0105633802816901,0.0457746478873239
"seq2064",0.0718085106382979,0.0585106382978723,0.0319148936170213,0.0478723404255319,0,0.103723404255319,0.0771276595744681,0.0718085106382979,0.0186170212765957,0.0372340425531915,0.0851063829787234,0.0452127659574468,0.00797872340425532,0.0159574468085106,0.0824468085106383,0.117021276595745,0.0372340425531915,0.00797872340425532,0.0132978723404255,0.0691489361702128
"seq2065",0.0716180371352785,0.0530503978779841,0.0291777188328912,0.0477453580901857,0.0026525198938992,0.108753315649867,0.0795755968169761,0.0689655172413793,0.0212201591511936,0.0424403183023873,0.0875331564986737,0.0477453580901857,0.013262599469496,0.0159151193633952,0.0742705570291777,0.114058355437666,0.0424403183023873,0.00795755968169761,0.013262599469496,0.0583554376657825
"seq2066",0.0708661417322835,0.0488188976377953,0.047244094488189,0.0425196850393701,0.0141732283464567,0.0755905511811024,0.0440944881889764,0.078740157480315,0.0299212598425197,0.0409448818897638,0.094488188976378,0.0771653543307087,0.0299212598425197,0.0299212598425197,0.0519685039370079,0.0598425196850394,0.0362204724409449,0.0173228346456693,0.0535433070866142,0.0566929133858268
"seq2067",0.060388945752303,0.0440122824974411,0.0337768679631525,0.0624360286591607,0.0204708290685773,0.0685772773797339,0.0542476970317298,0.0337768679631525,0.0327533265097236,0.060388945752303,0.118730808597748,0.0696008188331627,0.0214943705220061,0.0399181166837257,0.0409416581371546,0.0839303991811668,0.0593654042988741,0.00818833162743091,0.0174002047082907,0.0696008188331627
"seq2068",0.0504201680672269,0.0168067226890756,0.0784313725490196,0.0532212885154062,0.0280112044817927,0.0784313725490196,0.0196078431372549,0.0504201680672269,0.0140056022408964,0.0756302521008403,0.112044817927171,0.0868347338935574,0.0336134453781513,0.0392156862745098,0.0336134453781513,0.0588235294117647,0.0532212885154062,0.0140056022408964,0.0280112044817927,0.0756302521008403
"seq2069",0.0726030862635973,0.02909182899064,0.0440172021249684,0.0551479888692133,0.0333923602327346,0.0513534024791298,0.0313685808246901,0.061725271945358,0.0172021249683784,0.0538831267391854,0.0877814318239312,0.0683025550215027,0.017455097394384,0.0576777131292689,0.0341512775107513,0.0637490513534025,0.0561598785732355,0.0151783455603339,0.0432582848469517,0.106501391348343
"seq2070",0.0663750188565394,0.0325841001659375,0.0540051289787298,0.057927289183889,0.0339417710061849,0.0482727409865741,0.0328858047971036,0.0588324030773872,0.0196108010257957,0.0505355257203198,0.0864383768290843,0.0650173480162921,0.0188565394478805,0.0561170613968924,0.0362045557399306,0.0632071202292955,0.0582289938150551,0.0131241514557248,0.0485744456177402,0.0992608236536431
"seq2071",0.0657894736842105,0.0460526315789474,0.0328947368421053,0.0526315789473684,0.0328947368421053,0.0723684210526316,0.0328947368421053,0.0723684210526316,0.0197368421052632,0.0592105263157895,0.0986842105263158,0.0986842105263158,0.0328947368421053,0.0263157894736842,0.0263157894736842,0.0723684210526316,0.0526315789473684,0.00657894736842105,0.0394736842105263,0.0592105263157895
"seq2072",0.0479452054794521,0.023972602739726,0.0445205479452055,0.0684931506849315,0.0205479452054795,0.0753424657534247,0.0445205479452055,0.0616438356164384,0.0205479452054795,0.0684931506849315,0.106164383561644,0.0856164383561644,0.0342465753424658,0.0513698630136986,0.0273972602739726,0.0821917808219178,0.0445205479452055,0.0171232876712329,0.0342465753424658,0.0410958904109589
"seq2073",0.0849056603773585,0.0471698113207547,0.0471698113207547,0.0566037735849057,0.0165094339622642,0.0731132075471698,0.0636792452830189,0.080188679245283,0.0141509433962264,0.0471698113207547,0.10377358490566,0.0660377358490566,0.0165094339622642,0.0589622641509434,0.0306603773584906,0.0495283018867925,0.0495283018867925,0.0141509433962264,0.0259433962264151,0.0542452830188679
"seq2074",0.0763636363636364,0.0181818181818182,0.08,0.0581818181818182,0,0.0290909090909091,0.0254545454545455,0.0581818181818182,0.0145454545454545,0.0509090909090909,0.12,0.0472727272727273,0.00363636363636364,0.0581818181818182,0.0363636363636364,0.112727272727273,0.0945454545454545,0.0181818181818182,0.0218181818181818,0.0763636363636364
"seq2075",0.0685714285714286,0.0285714285714286,0.0742857142857143,0.0628571428571429,0.0228571428571429,0.0285714285714286,0.0285714285714286,0.0171428571428571,0,0.165714285714286,0.0342857142857143,0.0742857142857143,0.0228571428571429,0.0514285714285714,0.0114285714285714,0.0971428571428571,0.0514285714285714,0.0171428571428571,0.0971428571428571,0.0457142857142857
"seq2076",0.0718954248366013,0.0359477124183007,0.042483660130719,0.0457516339869281,0.0261437908496732,0.0555555555555556,0.0555555555555556,0.0751633986928105,0.0294117647058824,0.0588235294117647,0.120915032679739,0.0555555555555556,0.0294117647058824,0.0490196078431373,0.0522875816993464,0.0686274509803922,0.0261437908496732,0.0163398692810458,0.0261437908496732,0.0588235294117647
"seq2077",0.0593471810089021,0.0623145400593472,0.0415430267062315,0.0474777448071217,0.0118694362017804,0.0504451038575668,0.056379821958457,0.0741839762611276,0.0237388724035608,0.056379821958457,0.0949554896142433,0.0890207715133531,0.0385756676557863,0.0504451038575668,0.029673590504451,0.0623145400593472,0.0504451038575668,0.00890207715133531,0.056379821958457,0.0356083086053412
"seq2078",0.104868913857678,0.0299625468164794,0.0374531835205993,0.0411985018726592,0.0112359550561798,0.0599250936329588,0.0187265917602996,0.123595505617978,0.0112359550561798,0.0411985018726592,0.0936329588014981,0.052434456928839,0.0262172284644195,0.0561797752808989,0.0711610486891386,0.0711610486891386,0.0374531835205993,0.0224719101123595,0.0262172284644195,0.0636704119850187
"seq2079",0.069023569023569,0.0471380471380471,0.0488215488215488,0.0505050505050505,0.0218855218855219,0.0656565656565657,0.0404040404040404,0.0740740740740741,0.0235690235690236,0.0555555555555556,0.0909090909090909,0.0707070707070707,0.0303030303030303,0.0505050505050505,0.0387205387205387,0.0622895622895623,0.0589225589225589,0.0151515151515152,0.031986531986532,0.0538720538720539
"seq2080",0.0909090909090909,0.0254545454545455,0.0545454545454545,0.0509090909090909,0,0.04,0.0218181818181818,0.0581818181818182,0.0109090909090909,0.0581818181818182,0.0945454545454545,0.0363636363636364,0.00727272727272727,0.0509090909090909,0.0436363636363636,0.156363636363636,0.0690909090909091,0.0145454545454545,0.0327272727272727,0.0836363636363636
"seq2081",0.0403225806451613,0.0504032258064516,0.0524193548387097,0.0463709677419355,0.0383064516129032,0.0866935483870968,0.0665322580645161,0.0463709677419355,0.0282258064516129,0.0524193548387097,0.102822580645161,0.0766129032258065,0.0282258064516129,0.0262096774193548,0.0483870967741935,0.0645161290322581,0.0262096774193548,0.0161290322580645,0.0342741935483871,0.0685483870967742
"seq2082",0.0938511326860841,0.0485436893203883,0.0258899676375405,0.0517799352750809,0.0355987055016181,0.0679611650485437,0.0420711974110032,0.0809061488673139,0.0323624595469256,0.0517799352750809,0.0906148867313916,0.0420711974110032,0.0388349514563107,0.0420711974110032,0.0453074433656958,0.0550161812297735,0.0453074433656958,0,0.0323624595469256,0.0776699029126214
"seq2083",0.119850187265918,0.0262172284644195,0.0411985018726592,0.0636704119850187,0.0112359550561798,0.0411985018726592,0.0449438202247191,0.0861423220973783,0.0149812734082397,0.0299625468164794,0.0599250936329588,0.0898876404494382,0.00749063670411985,0.048689138576779,0.0411985018726592,0.0973782771535581,0.048689138576779,0.00749063670411985,0.0337078651685393,0.0861423220973783
"seq2084",0.0420650095602294,0.0363288718929254,0.0669216061185468,0.0745697896749522,0.0133843212237094,0.0688336520076482,0.0382409177820268,0.0229445506692161,0.0248565965583174,0.0688336520076482,0.135755258126195,0.0764818355640535,0.0248565965583174,0.0401529636711281,0.0210325047801147,0.0975143403441683,0.0516252390057361,0.00573613766730402,0.0439770554493308,0.0458891013384321
"seq2085",0.063953488372093,0.0465116279069767,0.0348837209302326,0.0930232558139535,0,0.13953488372093,0.0232558139534884,0.0523255813953488,0,0.0406976744186047,0.0755813953488372,0.127906976744186,0.0465116279069767,0.0581395348837209,0.0174418604651163,0.0581395348837209,0.0581395348837209,0,0.0116279069767442,0.0523255813953488
"seq2086",0.0752577319587629,0.0690721649484536,0.0268041237113402,0.0577319587628866,0.0103092783505155,0.0824742268041237,0.0432989690721649,0.0680412371134021,0.0206185567010309,0.0494845360824742,0.112371134020619,0.0536082474226804,0.0216494845360825,0.0391752577319588,0.0567010309278351,0.054639175257732,0.0525773195876289,0.0134020618556701,0.0278350515463918,0.0649484536082474
"seq2087",0.0570570570570571,0.024024024024024,0.048048048048048,0.0570570570570571,0.015015015015015,0.0510510510510511,0.024024024024024,0.0810810810810811,0.033033033033033,0.0540540540540541,0.105105105105105,0.0840840840840841,0.033033033033033,0.018018018018018,0.033033033033033,0.0780780780780781,0.0510510510510511,0.018018018018018,0.015015015015015,0.12012012012012
"seq2088",0.0474777448071217,0.0415430267062315,0.0534124629080119,0.0534124629080119,0.00741839762611276,0.0593471810089021,0.0267062314540059,0.0548961424332344,0.0400593471810089,0.0875370919881306,0.0771513353115727,0.056379821958457,0.0118694362017804,0.0474777448071217,0.0578635014836795,0.072700296735905,0.0697329376854599,0.0163204747774481,0.0385756676557863,0.0801186943620178
"seq2089",0.143939393939394,0.0435606060606061,0.0473484848484848,0.0568181818181818,0.0113636363636364,0.0435606060606061,0.0397727272727273,0.071969696969697,0.0227272727272727,0.0473484848484848,0.0946969696969697,0.0246212121212121,0.0265151515151515,0.0284090909090909,0.0757575757575758,0.0643939393939394,0.0378787878787879,0.0132575757575758,0.0303030303030303,0.0757575757575758
"seq2090",0.066,0.064,0.044,0.054,0.022,0.062,0.032,0.068,0.034,0.064,0.092,0.062,0.028,0.062,0.052,0.07,0.038,0.012,0.022,0.052
"seq2091",0.137339055793991,0.0600858369098712,0.0257510729613734,0.0901287553648069,0.00858369098712446,0.0472103004291846,0.0343347639484979,0.111587982832618,0.0343347639484979,0.0429184549356223,0.103004291845494,0.00429184549356223,0.0128755364806867,0.0257510729613734,0.0515021459227468,0.0472103004291846,0.0600858369098712,0.00429184549356223,0.00858369098712446,0.0901287553648069
"seq2092",0.0754716981132075,0.0646900269541779,0.0350404312668464,0.045822102425876,0.00808625336927224,0.0700808625336927,0.0592991913746631,0.0754716981132075,0.0269541778975741,0.0566037735849057,0.107816711590297,0.0404312668463612,0.0296495956873315,0.0296495956873315,0.0539083557951483,0.045822102425876,0.0377358490566038,0.00539083557951483,0.0161725067385445,0.115902964959569
"seq2093",0.0858585858585859,0.0429292929292929,0.0404040404040404,0.0732323232323232,0.0126262626262626,0.0378787878787879,0.0176767676767677,0.0858585858585859,0.0151515151515152,0.0681818181818182,0.0732323232323232,0.0707070707070707,0.0151515151515152,0.0404040404040404,0.0378787878787879,0.0909090909090909,0.0606060606060606,0.0126262626262626,0.0176767676767677,0.101010101010101
"seq2094",0.0672514619883041,0.043859649122807,0.0467836257309941,0.0497076023391813,0.0116959064327485,0.0614035087719298,0.043859649122807,0.10233918128655,0.0350877192982456,0.0321637426900585,0.087719298245614,0.0526315789473684,0.00292397660818713,0.0555555555555556,0.0555555555555556,0.0467836257309941,0.064327485380117,0.0146198830409357,0.0350877192982456,0.0906432748538012
"seq2095",0.107305936073059,0.0479452054794521,0.0502283105022831,0.045662100456621,0.0365296803652968,0.0684931506849315,0.0479452054794521,0.0570776255707763,0.0159817351598174,0.0388127853881279,0.0593607305936073,0.0410958904109589,0.0205479452054795,0.0365296803652968,0.0639269406392694,0.0707762557077626,0.0776255707762557,0.0182648401826484,0.0273972602739726,0.0684931506849315
"seq2096",0.069364161849711,0.0173410404624277,0.0173410404624277,0.092485549132948,0.0578034682080925,0.0867052023121387,0.0173410404624277,0.0867052023121387,0.023121387283237,0.0346820809248555,0.0635838150289017,0.0578034682080925,0.0115606936416185,0.023121387283237,0.0751445086705202,0.069364161849711,0.069364161849711,0.023121387283237,0.046242774566474,0.0578034682080925
"seq2097",0.060431654676259,0.0618705035971223,0.0402877697841727,0.0647482014388489,0.0172661870503597,0.0618705035971223,0.0345323741007194,0.0705035971223022,0.037410071942446,0.0460431654676259,0.0820143884892086,0.0517985611510791,0.0215827338129496,0.0273381294964029,0.0532374100719424,0.0633093525179856,0.0489208633093525,0.0215827338129496,0.0330935251798561,0.102158273381295
"seq2098",0.113074204946996,0.03886925795053,0.0106007067137809,0.0212014134275618,0.0282685512367491,0.0424028268551237,0.03886925795053,0.102473498233216,0.0141342756183746,0.03886925795053,0.151943462897526,0.0212014134275618,0.0247349823321555,0.0353356890459364,0.0565371024734982,0.0424028268551237,0.0742049469964664,0.0247349823321555,0.049469964664311,0.0706713780918728
"seq2099",0.0404040404040404,0.0202020202020202,0.0303030303030303,0.0808080808080808,0.0505050505050505,0.101010101010101,0.0606060606060606,0.0707070707070707,0.0202020202020202,0.0808080808080808,0.0707070707070707,0.0505050505050505,0.0202020202020202,0.0303030303030303,0.0303030303030303,0.0808080808080808,0.0707070707070707,0,0.0303030303030303,0.0606060606060606
"seq2100",0.0858034321372855,0.0483619344773791,0.0499219968798752,0.0702028081123245,0.0109204368174727,0.0702028081123245,0.0374414976599064,0.0811232449297972,0.0124804992199688,0.0686427457098284,0.0826833073322933,0.0795631825273011,0.0171606864274571,0.0358814352574103,0.0374414976599064,0.0436817472698908,0.0702028081123245,0.0031201248049922,0.0249609984399376,0.0702028081123245
"seq2101",0.0458333333333333,0.0708333333333333,0.0208333333333333,0.0875,0.0375,0.0875,0.0458333333333333,0.0583333333333333,0.025,0.0375,0.075,0.108333333333333,0.0333333333333333,0.0291666666666667,0.0458333333333333,0.0583333333333333,0.05,0.00833333333333333,0.0333333333333333,0.0416666666666667
"seq2102",0.0928381962864721,0.0358090185676393,0.0424403183023873,0.0450928381962865,0.0225464190981432,0.0676392572944297,0.0291777188328912,0.0862068965517241,0.0172413793103448,0.0570291777188329,0.0809018567639257,0.0517241379310345,0.026525198938992,0.0490716180371353,0.0397877984084881,0.0822281167108753,0.0623342175066313,0.0013262599469496,0.0172413793103448,0.0928381962864721
"seq2103",0.130841121495327,0.0579439252336449,0.0317757009345794,0.0336448598130841,0.0280373831775701,0.0635514018691589,0.0317757009345794,0.097196261682243,0.0130841121495327,0.0448598130841121,0.0822429906542056,0.0523364485981308,0.0168224299065421,0.0429906542056075,0.0485981308411215,0.0579439252336449,0.0485981308411215,0.0130841121495327,0.0224299065420561,0.0822429906542056
"seq2104",0.11743119266055,0.0660550458715596,0.00917431192660551,0.0495412844036697,0.0330275229357798,0.0587155963302752,0.0477064220183486,0.0880733944954128,0.0275229357798165,0.0201834862385321,0.102752293577982,0.0440366972477064,0.00917431192660551,0.0256880733944954,0.11743119266055,0.0752293577981651,0.0403669724770642,0.00917431192660551,0.0073394495412844,0.0513761467889908
"seq2105",0.116666666666667,0.0583333333333333,0.0208333333333333,0.0541666666666667,0.00833333333333333,0.129166666666667,0.0541666666666667,0.075,0.00416666666666667,0.0333333333333333,0.0958333333333333,0.0958333333333333,0.0375,0.0583333333333333,0.0291666666666667,0.0666666666666667,0.025,0,0.00833333333333333,0.0291666666666667
